Name;ID;Country;Rank 3 Year;Rank 2 Year;Rank 1 Year;Rank 0 Year;Ideal Rank;Max Skill;Traits;Skill;Experience;Loyalty;Type;Picture;Start Year;End Year;x
5 エーリヒ・アーブラハム;1;GER;1943;1944;1945;1990;2;5;0;2;0;5;0;L1;1943;1960;x
6 カール・アルメンディンガー;2;GER;1940;1942;1943;1990;2;6;0;2;0;5;0;L2;1940;1960;x
4 クルト・アンデルゼン;3;GER;1945;1990;1990;1990;3;4;0;1;0;5;0;L3;1945;1960;x
5 ヴェルナー・アントン;4;GER;1943;1944;1990;1990;3;5;2;2;0;5;0;L4;1943;1960;x
6 カール・アルント;5;GER;1943;1944;1990;1990;2;6;4;2;0;5;0;L5;1943;1960;x
8 ヘルゲ・アウレプ;6;GER;1939;1943;1990;1990;2;8;0;2;0;5;0;L6;1939;1960;x
6 エルンスト＝ギュンター・バーデ;7;GER;1943;1944;1990;1990;3;6;130;2;0;5;0;L7;1943;1945;x
7 パウル・バーダー;8;GER;1930;1939;1990;1990;2;7;577;2;0;5;0;L8;1930;1944;x
8 ヘルマン・バルク;9;GER;1942;1943;1944;1990;2;8;128;3;0;5;0;L9;1942;1960;x
5 エーリッヒ・バラ;10;GER;1942;1990;1990;1990;3;5;0;1;0;5;0;L10;1942;1943;x
6 ヴァルター・バレンティン;11;GER;1943;1990;1990;1990;3;6;256;1;0;5;0;L11;1943;1959;x
8 フリッツ・バイエルライン;12;GER;1943;1944;1990;1990;2;8;128;2;0;5;0;L12;1943;1960;x
6 ハンス・ベーレンドルフ;13;GER;1938;1940;1941;1990;2;6;32;3;0;5;0;L13;1938;1960;x
5 ヘルマン＝ハインリッヒ・ベーレント;14;GER;1945;1990;1990;1990;3;5;2;2;0;5;0;L14;1945;1960;x
5 ハンス・ベルゲン;15;GER;1941;1943;1990;1990;2;5;2;2;0;5;0;L15;1941;1957;x
6 フリードリヒ・ベルクマン;16;GER;1930;1938;1990;1990;3;6;4;2;0;5;0;L16;1930;1941;x
5 ヴィルヘルム・ベルリン;17;GER;1940;1943;1990;1990;3;5;0;2;0;5;0;L17;1940;1960;x
6 パウル・ベッツ;18;GER;1943;1990;1990;1990;3;6;32;1;0;5;0;L18;1943;1944;x
5 ブルーノ・ビーラー;19;GER;1938;1941;1990;1990;2;5;0;2;0;5;0;L19;1938;1945;x
9 ヨハネス・ブラスコヴィッツ;20;GER;1930;1930;1939;1990;1;9;6;3;0;5;0;L20;1930;1960;x
6 ギュンター・ブルーメントリット;21;GER;1942;1943;1944;1990;2;6;1;2;0;3;0;L21;1942;1960;x
5 マックス・ボック;22;GER;1930;1938;1940;1990;2;5;0;2;0;5;0;L22;1930;1943;x
6 ハンス・ベーク＝ベーレンス;23;GER;1942;1943;1990;1990;2;6;0;2;0;5;0;L23;1942;1960;x
6 エーヘンフリード＝オスカー・ベーゲ;24;GER;1942;1943;1944;1990;2;6;0;2;0;5;0;L24;1942;1960;x
5 ヘルムート・ベールケ;25;GER;1944;1945;1990;1990;3;5;0;2;0;5;0;L25;1944;1956;x
5 アルフレート・ベーム＝テッテルバッハ;26;GER;1930;1938;1940;1990;2;5;512;1;0;5;0;L26;1930;1943;x
7 エーリッヒ・ブランデンベルガー;27;GER;1940;1942;1943;1990;2;7;128;3;0;5;0;L27;1940;1955;x
6 ヘルマン・ブライト;28;GER;1941;1942;1943;1990;3;6;128;2;0;5;0;L28;1941;1960;x
8 ブルーノ・ブラウアー;29;GER;1940;1941;1944;1990;2;8;256;3;0;5;0;L29;1940;1947;x
6 アルベルト・ブック;30;GER;1940;1990;1990;1990;3;6;4;1;0;5;0;L30;1940;1942;x
5 エルンスト・ブッファ;31;GER;1940;1943;1990;1990;3;5;2;2;0;5;0;L31;1940;1960;x
6 ヴィルヘルム・ブルクドルフ;32;GER;1942;1943;1944;1990;2;6;0;3;0;5;0;L32;1942;1960;x
8 エルンスト・ブッシュ;33;GER;1930;1938;1940;1943;2;8;9;4;0;5;0;L33;1930;1945;x
6 テオドール・ブッセ;34;GER;1943;1944;1945;1990;2;6;3;3;0;5;0;L34;1943;1960;x
6 エーリッヒ・バーレンファンガー;35;GER;1945;1990;1990;1990;3;6;2;2;0;5;0;L35;1945;1960;x
6 フランツ・ベーメ;36;GER;1930;1939;1940;1990;2;6;256;3;0;5;0;L36;1938;1947;x
6 カール・ボットヒャー;37;GER;1940;1942;1990;1990;3;6;128;1;0;5;0;L37;1940;1960;x
6 エーリッヒ・クロスナー;38;GER;1937;1939;1942;1990;2;6;256;3;0;5;0;L38;1937;1960;x
5 アレクサンダー・コンラディ;39;GER;1942;1990;1990;1990;3;5;0;1;0;5;0;L39;1942;1944;x
6 パウル・コンラート;40;GER;1942;1943;1945;1990;2;6;384;3;0;5;0;L40;1942;1960;x
6 ハンス・クラーマー;41;GER;1942;1943;1944;1990;2;6;128;2;0;5;0;L41;1942;1960;x
5 フリードリヒ＝カール・クランツ;42;GER;1938;1940;1990;1990;3;5;0;2;0;5;0;L42;1938;1941;x
7 ルートヴィヒ・クルヴェル;43;GER;1939;1941;1990;1990;3;7;128;2;0;5;0;L43;1939;1942;x
7 マクシミリアン・デ・アンジェリス;44;GER;1939;1940;1942;1990;2;7;4;3;0;5;0;L44;1939;1960;x
5 ヴァルター・チャールズ・ド・ボーリュー;45;GER;1943;1944;1990;1990;2;5;2;2;0;5;0;L45;1943;1960;x
6 カール・デッカー;46;GER;1943;1944;1945;1990;2;6;128;2;0;5;0;L46;1943;1960;x
6 エルンスト・デーナー;47;GER;1940;1942;1943;1990;2;6;2;2;0;5;0;L47;1940;1960;x
5 ルドルフ・デンメ;48;GER;1945;1990;1990;1990;3;5;32;1;0;5;0;L48;1945;1960;x
9 エドゥアルト・ディートル;49;GER;1938;1940;1942;1990;2;9;266;4;0;5;0;L49;1938;1960;x
5 アルブレヒト・ディジョン・フォン・モンテトン;50;GER;1942;1943;1990;1990;3;5;0;2;0;5;0;L50;1942;1960;x
6 アントン・ドストラー;51;GER;1941;1943;1990;1990;2;6;0;2;0;5;0;L51;1941;1960;x
7 フリードリヒ・ドルマン;52;GER;1930;1930;1940;1990;1;7;66;3;0;5;0;L52;1930;1944;x
5 ハインリヒ・エーベルバッハ;53;GER;1942;1943;1944;1990;2;5;128;2;0;5;0;L53;1942;1960;x
5 カール・アイブル;54;GER;1941;1942;1990;1990;3;5;0;2;0;5;0;L54;1941;1943;x
5 ヴィルヘルム・ファルムバッハー;55;GER;1937;1940;1990;1990;2;5;0;2;0;5;0;L55;1937;1960;x
7 ハンス＝グスタフ・フェルバー;56;GER;1937;1940;1990;1990;2;7;4;2;0;5;0;L56;1937;1960;x
6 クルト・フェルト;57;GER;1940;1942;1944;1990;2;6;0;3;0;5;0;L57;1940;1960;x
6 エルンスト・フェスマン;58;GER;1930;1930;1941;1990;2;6;640;2;0;4;0;L58;1930;1943;x
6 フリードリヒ・フォルチュ;59;GER;1944;1945;1990;1990;3;6;0;2;0;5;0;L59;1944;1960;x
5 ヴァルター・フォン・フィッシャー・フォン・ヴァイケルシュタール;60;GER;1938;1941;1990;1990;2;5;0;2;0;5;0;L60;1938;1960;x
5 ヘルマン・フロルケ;61;GER;1943;1944;1990;1990;3;5;0;2;0;5;0;L61;1943;1960;x
5 ヨーゼフ・フォルトマン;62;GER;1939;1941;1990;1990;2;5;0;2;0;5;0;L62;1939;1958;x
5 ヴェルナー・フォルスト;63;GER;1942;1943;1990;1990;3;5;0;2;0;5;0;L63;1942;1960;x
5 ヨハン・フォルトナー;64;GER;1941;1942;1990;1990;2;5;0;2;0;5;0;L64;1941;1944;x
5 ハンス＝ヨアヒム・フーケ;65;GER;1943;1990;1990;1990;3;5;2;1;0;5;0;L65;1943;1944;x
5 ヴィルヘルム・フォックス;66;GER;1945;1990;1990;1990;3;5;0;1;0;5;0;L66;1945;1947;x
5 フリードリヒ・フラネク;67;GER;1942;1943;1990;1990;2;5;0;2;0;5;0;L67;1942;1944;x
6 ヘルマン・フランケ;68;GER;1930;1941;1990;1990;3;6;513;1;0;5;0;L68;1930;1942;x
5 ブルーノ・フランケヴィッツ;69;GER;1943;1944;1990;1990;2;5;0;2;0;5;0;L69;1942;1960;x
5 ゲルハルト・フランツ;70;GER;1944;1990;1990;1990;3;5;0;1;0;5;0;L70;1944;1960;x
6 マックス・フレメライ;71;GER;1941;1943;1990;1990;3;6;128;2;0;5;0;L71;1941;1960;x
5 ヘルマン・フレンキング;72;GER;1942;1990;1990;1990;3;5;0;1;0;5;0;L72;1942;1944;x
7 マクシミリアン・フレッター＝ピコ;73;GER;1941;1942;1990;1990;2;7;3;2;0;5;0;L73;1941;1960;x
5 ロタール・フロイテル;74;GER;1943;1990;1990;1990;3;5;64;1;0;5;0;L74;1943;1944;x
8 ヨハネス・フリスナー;75;GER;1940;1942;1944;1990;1;8;2;3;0;5;0;L75;1940;1960;x
5 エーリヒ・フロンホーファー;76;GER;1944;1990;1990;1990;3;5;1;1;0;5;0;L76;1944;1960;x
5 ヴァルター・フライターク;77;GER;1942;1990;1990;1990;3;5;0;1;0;5;0;L77;1942;1960;x
6 フリードリヒ・フロム;78;GER;1930;1938;1940;1990;1;6;0;2;0;3;0;L78;1930;1960;x
5 マックス・フォーレンバッハ;79;GER;1930;1930;1990;1990;2;5;513;1;0;5;0;L79;1930;1942;x
6 オットー＝ヴィルヘルム・フォルスター;80;GER;1930;1938;1990;1990;2;6;32;2;0;5;0;L80;1930;1960;x
6 ヘルマン・フォルチュ;81;GER;1942;1943;1944;1990;3;6;4;3;0;5;0;L81;1943;1960;x
6 マルティン・ガライス;82;GER;1942;1943;1945;1990;2;6;0;3;0;5;0;L82;1942;1960;x
6 アルフレート・ガウゼ;83;GER;1941;1943;1990;1990;2;6;128;2;0;5;0;L83;1941;1960;x
6 ヘルマン・ガイヤー;84;GER;1930;1930;1990;1990;2;6;514;1;0;5;0;L84;1930;1943;x
8 レオ・ガイヤ・フォン・シュヴェッペンブルク;85;GER;1930;1937;1941;1990;2;8;132;4;0;5;0;L85;1930;1960;x
5 ゲルハルト・グロッケ;86;GER;1930;1930;1940;1990;2;5;0;3;0;5;0;L86;1930;1944;x
5 ハンス・ゴルニク;87;GER;1941;1943;1990;1990;2;5;1;2;0;5;0;L87;1941;1960;x
6 フリードリヒ・ゴルヴィツァー;88;GER;1939;1941;1944;1990;2;6;0;3;0;5;0;L88;1939;1960;x
7 フリッツ＝フーベルト・グラーザー;89;GER;1941;1943;1944;1990;1;7;128;2;0;5;0;L89;1941;1960;x
5 ヴァルター・グラスナー;90;GER;1939;1941;1990;1990;2;5;32;2;0;5;0;L90;1939;1943;x
6 ハインリヒ・グライナー;91;GER;1942;1943;1990;1990;2;6;0;2;0;5;0;L91;1942;1960;x
6 マクシミリアン・グリマイス;92;GER;1942;1943;1945;1990;2;6;2;3;0;5;0;L92;1942;1960;x
5 ホルスト・グロスマン;93;GER;1941;1943;1990;1990;2;5;0;2;0;5;0;L93;1941;1960;x
9 ハインツ・グデーリアン;94;GER;1930;1938;1940;1990;1;9;148;5;0;5;0;L94;1930;1954;x
6 パウル・グラン;95;GER;1942;1943;1990;1990;3;6;4;2;0;5;0;L95;1942;1944;x
5 カール・ゲーベル;96;GER;1943;1990;1990;1990;3;5;0;1;0;5;0;L96;1943;1945;x
5 ヴェルナー・ハーク;97;GER;1943;1990;1990;1990;3;5;2;1;0;5;0;L97;1943;1944;x
6 ヨハネス・ハールデ;98;GER;1939;1941;1990;1990;2;6;128;2;0;5;0;L98;1939;1945;x
5 フランツ・ハース;99;GER;1945;1990;1990;1990;3;5;0;1;0;5;0;L99;1945;1960;x
5 アルフレート・ハーゼ;100;GER;1937;1940;1990;1990;2;5;0;2;0;5;0;L100;1937;1944;x
6 カート・ハーゼ;101;GER;1930;1937;1940;1990;2;6;64;3;0;5;0;L101;1930;1943;x
5 エルンスト・ハツィウス;102;GER;1941;1942;1990;1990;2;5;0;2;0;5;0;L102;1941;1943;x
6 エルンスト・ヘッケル;103;GER;1940;1942;1990;1990;3;6;2;2;0;5;0;L103;1940;1960;x
5 ゲオルク・ハッハテル;104;GER;1941;1990;1990;1990;3;5;0;1;0;5;0;L104;1941;1943;x
5 クルト・ハーリング;105;GER;1945;1990;1990;1990;3;5;0;1;0;5;0;L105;1945;1960;x
5 パウル・ハーリング・フォン・ランツェンナウアー;106;GER;1941;1990;1990;1990;3;5;0;1;0;5;0;L106;1941;1943;x
5 ヘルマン・ハーンレ;107;GER;1944;1945;1990;1990;2;5;64;2;0;5;0;L107;1944;1960;x
7 ジークフリート・ハニケ;108;GER;1930;1939;1990;1990;2;7;516;2;0;5;0;L108;1930;1946;x
5 ウォルフ・ハーゲマン;109;GER;1944;1945;1990;1990;2;5;2;2;0;5;0;L109;1944;1960;x
5 アウグスト・ハーグル;110;GER;1940;1990;1990;1990;3;5;0;1;0;5;0;L110;1940;1960;x
6 ヴァルター・ハーム;111;GER;1942;1943;1945;1990;2;6;2;3;0;5;0;L111;1942;1951;x
5 オイゲン・ハーン;112;GER;1930;1930;1990;1990;2;5;0;1;0;5;0;L112;1930;1938;x
5 ハンス・ハーネ;113;GER;1942;1990;1990;1990;3;5;16;1;0;5;0;L113;1942;1944;x
7 フランツ・ハルダー;114;GER;1930;1930;1940;1990;1;7;4;3;0;5;0;L114;1930;1944;x
5 アドルフ・ハマン;115;GER;1942;1944;1990;1990;2;5;0;2;0;5;0;L115;1942;1950;x
6 クルト・フォン・ハマーシュタイン＝エクヴォルト;116;GER;1930;1930;1930;1990;1;6;513;2;0;5;0;L116;1930;1943;x
6 クリスティアン・ハンゼン;117;GER;1930;1938;1940;1990;2;6;0;3;0;5;0;L117;1930;1945;x
7 オットマール・ハンゼン;118;GER;1945;1990;1990;1990;3;7;128;1;0;5;0;L118;1945;1960;x
8 ヨーゼフ・ハルペ;119;GER;1940;1942;1944;1990;2;8;128;4;0;5;0;L119;1940;1960;x
6 ヘルマン・ハレンドルフ;120;GER;1945;1990;1990;1990;3;6;0;2;0;5;0;L120;1945;1960;x
7 グスタフ・ハルテネック;121;GER;1942;1943;1944;1990;2;7;4;2;0;5;0;L121;1942;1960;x
5 ヴァルター・ハルトマン;123;GER;1941;1943;1990;1990;2;5;1;2;0;5;0;L123;1941;1960;x
6 ヴィルヘルム・ハッセ;124;GER;1930;1930;1990;1990;3;6;514;1;0;5;0;L124;1930;1960;x
5 エーリヒ・ハッセンシュタイン;125;GER;1944;1990;1990;1990;3;5;8;1;0;5;0;L125;1944;1960;x
6 フリードリヒ＝ヴィルヘルム・ハウク;126;GER;1943;1944;1945;1990;2;6;0;2;0;5;0;L126;1943;1960;x
5 アーサー・ハウフェ;127;GER;1941;1943;1990;1990;2;5;0;2;0;5;0;L127;1941;1944;x
7 リヒャルト・ハイドリヒ;128;GER;1942;1943;1944;1990;2;7;256;2;0;5;0;L128;1942;1947;x
6 フェルディナント・ハイム;129;GER;1942;1943;1990;1990;2;6;128;2;0;5;0;L129;1942;1960;x
8 ゴットハルト・ハインリツィ;130;GER;1930;1938;1943;1990;2;8;194;3;0;5;0;L130;1930;1960;x
7 ヴァルター・ハイツ;131;GER;1930;1930;1943;1990;2;7;544;3;0;5;0;L131;1930;1960;x
6 エルンスト＝エーベルハルト・ヘル;132;GER;1938;1940;1942;1990;2;6;72;3;0;5;0;L132;1938;1960;x
5 ハインツ・ヘルミヒ;133;GER;1939;1941;1990;1990;3;5;0;2;0;5;0;L133;1939;1944;x
5 アルベルト・ヘンツェ;134;GER;1944;1945;1990;1990;3;5;0;2;0;5;0;L134;1944;1960;x
7 トローゴット・ヘル;135;GER;1942;1943;1944;1990;2;7;128;2;0;5;0;L135;1942;1960;x
6 クルト・ヘルツォーク;136;GER;1939;1941;1942;1990;2;6;64;2;0;5;0;L136;1939;1948;x
7 カール・ヒルペルト;137;GER;1939;1940;1942;1990;1;7;2;3;0;5;0;L137;1939;1949;x
5 アルフォンス・ヒッター;138;GER;1942;1943;1990;1990;2;5;0;2;0;5;0;L138;1942;1960;x
6 オットー・ヒッツフェルト;139;GER;1943;1944;1945;1990;1;6;4;2;0;5;0;L139;1943;1960;x
8 エーリヒ・ヘプナー;140;GER;1930;1938;1940;1990;1;8;128;4;0;2;0;L140;1930;1960;x
7 カール・ホリト;141;GER;1938;1940;1943;1990;2;7;66;3;0;5;0;L141;1938;1960;x
6 フリードリヒ・ホスバッハ;142;GER;1942;1943;1944;1990;2;6;2;2;0;5;0;L142;1942;1960;x
9 ヘルマン・ホート;143;GER;1930;1930;1940;1990;1;9;129;3;0;5;0;L143;1930;1960;x
8 ハンス・フーベ;144;GER;1940;1942;1943;1990;1;8;128;3;0;5;0;L144;1940;1960;x
6 ハンス・フットナー;145;GER;1945;1990;1990;1990;3;6;4;1;0;5;0;L145;1945;1956;x
5 アルフレート・ヤコブ;146;GER;1930;1938;1940;1990;2;5;32;3;0;5;0;L146;1930;1960;x
7 エルウィン・ヤネケ;147;GER;1939;1941;1944;1990;2;7;33;3;0;5;0;L147;1939;1955;x
5 ゲオルク・ヤウアー;148;GER;1943;1944;1945;1990;2;5;128;2;0;5;0;L148;1943;1960;x
8 アルフレート・ヨードル;149;GER;1939;1940;1944;1990;2;8;4;3;0;5;0;L149;1939;1960;x
6 フェルディナント・ヨードル;150;GER;1942;1943;1944;1990;3;6;256;2;0;5;0;L150;1942;1960;x
5 リヒャルト・ヨーン;151;GER;1943;1944;1990;1990;3;5;1;2;0;5;0;L151;1943;1960;x
5 ハンス・ヨルダン;152;GER;1941;1942;1943;1990;2;5;0;2;0;5;0;L152;1941;1960;x
5 クルト・カルムコフ;153;GER;1939;1941;1990;1990;3;5;4;2;0;5;0;L153;1939;1941;x
5 ヴィルヘルム・カイテル;154;GER;1930;1930;1938;1940;0;5;4;2;0;5;0;L154;1930;1960;x
6 ヴェルナー・ケンプフ;155;GER;1938;1940;1990;1990;2;6;128;2;0;5;0;L155;1938;1960;x
6 ハンス・ケッセル;156;GER;1941;1942;1990;1990;3;6;0;3;0;5;0;L156;1941;1960;x
9 アルベルト・ケッセルリンク;157;GER;1930;1930;1930;1930;0;9;2;4;0;5;0;L157;1943;1960;x
5 ヴェルナー・キーニッツ;158;GER;1930;1937;1990;1990;2;5;0;2;0;5;0;L158;1930;1960;x
5 ハインリヒ・キルヒハイム;159;GER;1940;1942;1990;1990;3;5;1;2;0;5;0;L159;1940;1960;x
6 フリードリヒ・キルヒナー;160;GER;1938;1940;1942;1990;2;6;128;3;0;5;0;L160;1938;1960;x
5 パウル・クラット;161;GER;1944;1945;1990;1990;2;5;256;2;0;5;0;L161;1944;1960;x
7 ウルリッヒ・クレーマン;162;GER;1941;1943;1944;1990;2;7;129;2;0;5;0;L162;1941;1960;x
6 フィリップ・クレフェル;163;GER;1939;1941;1990;1990;3;6;516;2;0;5;0;L163;1939;1960;x
8 ヴォルフガング・フォン・クルーゲ;164;GER;1942;1943;1944;1990;2;8;0;5;0;5;0;L164;1942;1960;x
5 フリードリヒ・コッホ;165;GER;1930;1940;1990;1990;3;5;0;2;0;5;0;L165;1930;1942;x
6 ルドルフ・コッホ＝エルパハ;166;GER;1930;1937;1940;1990;2;6;0;3;0;5;0;L166;1930;1960;x
5 カール・コッツ;167;GER;1944;1990;1990;1990;3;5;2;1;0;5;0;L167;1944;1960;x
7 ルドルフ・コンラート;168;GER;1939;1940;1942;1990;2;7;256;3;0;5;0;L168;1939;1960;x
5 オットー・コルフェス;169;GER;1942;1990;1990;1990;3;5;0;1;0;3;0;L169;1942;1943;x
6 ハンス・クレプス;170;GER;1942;1943;1944;1990;2;6;2;3;0;5;0;L170;1942;1960;x
6 ハンス・クライジング;171;GER;1940;1942;1943;1990;2;6;256;2;0;5;0;L171;1940;1960;x
6 カール・クリーベル;172;GER;1939;1940;1943;1990;2;6;0;3;0;5;0;L172;1939;1960;x
7 ヴァルター・クリューガー;173;GER;1941;1942;1944;1990;2;7;128;3;0;5;0;L173;1941;1960;x
6 ヴァルター・クンツェ;174;GER;1930;1938;1990;1990;2;6;32;2;0;5;0;L174;1930;1960;x
7 アドルフ・クンツェン;175;GER;1938;1940;1990;1990;2;7;128;2;0;5;0;L175;1938;1945;x
5 ルートヴィッヒ・クプラー;176;GER;1938;1940;1990;1990;2;5;256;2;0;5;0;L176;1938;1960;x
6 フリードリヒ・コッホリング;177;GER;1942;1943;1944;1990;2;6;2;2;0;5;0;L177;1942;1960;x
5 エルンスト・ケーニヒ;178;GER;1945;1990;1990;1990;3;5;0;2;0;5;0;L178;1945;1960;x
5 オットー・ランツェレ;179;GER;1939;1990;1990;1990;3;5;0;1;0;5;0;L179;1939;1941;x
6 フーべルト・ランツ;180;GER;1938;1940;1990;1990;2;6;256;2;0;5;0;L180;1938;1960;x
6 オットー・ラッシュ;181;GER;1942;1943;1944;1990;2;6;0;2;0;5;0;L181;1942;1960;x
6 パウル・ラウクス;182;GER;1939;1941;1990;1990;2;6;2;2;0;5;0;L182;1939;1944;x
6 エミール・レープ;183;GER;1930;1937;1939;1990;2;6;4;3;0;5;0;L183;1930;1945;x
7 ヨアヒム・レメルゼン;184;GER;1937;1940;1990;1990;2;7;128;2;0;5;0;L184;1937;1960;x
7 テオバルト・リープ;185;GER;1941;1943;1990;1990;2;7;10;2;0;5;0;L185;1941;1960;x
6 クルト・リープマン;186;GER;1930;1930;1930;1990;1;6;513;1;0;5;0;L186;1930;1940;x
6 ヴァルター・リヘル;187;GER;1938;1940;1942;1990;2;6;0;3;0;5;0;L187;1938;1960;x
8 ゲオルク・リンデマン;188;GER;1930;1938;1942;1990;1;8;6;3;0;5;0;L188;1930;1947;x
8 ヴィルヘルム・リスト;189;GER;1930;1930;1939;1940;0;8;4;4;0;5;0;L189;1930;1960;x
5 ヘルベルト・ロッホ;190;GER;1937;1940;1990;1990;2;5;2;2;0;5;0;L190;1937;1960;x
6 ヴァルター・ルフト;191;GER;1940;1942;1943;1990;2;6;64;2;0;5;0;L191;1940;1960;x
5 オスヴァルト・ルッツ;192;GER;1930;1930;1990;1990;2;5;128;2;0;5;0;L192;1930;1944;x
5 エーリヒ・リュトケ;193;GER;1938;1942;1990;1990;2;5;64;2;0;5;0;L193;1938;1960;x
6 エーリヒ・マルクス;194;GER;1938;1941;1990;1990;3;6;0;2;0;5;0;L194;1938;1960;x
5 フランツ・マッテンクロット;195;GER;1938;1942;1990;1990;2;5;0;2;0;5;0;L195;1938;1960;x
6 ゲルハルト・マツキー;196;GER;1941;1943;1944;1990;2;6;3;2;0;5;0;L196;1941;1960;x
7 カール・マウス;197;GER;1944;1945;1990;1990;3;7;128;3;0;5;0;L197;1944;1960;x
7 オイゲン・マインドル;198;GER;1941;1943;1944;1990;2;7;256;3;0;5;0;L198;1941;1951;x
5 ハインリヒ・マイヤー＝ビュールドルフ;199;GER;1939;1941;1945;1990;2;5;2;2;0;5;0;L199;1939;1960;x
6 ヴィルヘルム・ミーゼ;200;GER;1940;1942;1990;1990;2;6;32;2;0;5;0;L200;1940;1960;x
6 フリードリヒ・ミート;201;GER;1938;1940;1943;1990;2;6;1;2;0;5;0;L201;1940;1944;x
9 ヴァルター・モーデル;202;GER;1938;1940;1942;1944;1;9;130;5;0;5;0;L202;1938;1960;x
6 コンラート・ソルッシュ;203;GER;1930;1938;1990;1990;3;6;4;2;0;5;0;L203;1930;1960;x
5 アンジェロ・ミュラー;204;GER;1930;1941;1990;1990;3;5;4;2;0;5;0;L204;1930;1946;x
5 フリードリヒ＝ヴィルヘルム・ミュラー;205;GER;1940;1944;1990;1990;3;5;4;2;0;5;0;L205;1940;1947;x
6 ヴァルター・ネーリング;206;GER;1930;1939;1942;1990;2;6;128;4;0;5;0;L206;1930;1960;x
5 ハインリヒ・ニケル;207;GER;1943;1944;1990;1990;2;5;0;2;0;5;0;L207;1943;1960;x
6 ヘルマン・ニーホフ;208;GER;1943;1944;1945;1990;2;6;0;2;0;5;0;L208;1943;1960;x
5 ホルスト・ニーマック;209;GER;1945;1990;1990;1990;3;5;128;1;0;5;0;L209;1945;1960;x
5 ヴィルヘルム・オクスナー;210;GER;1943;1944;1990;1990;2;5;0;2;0;5;0;L210;1943;1945;x
6 ヨブ・オーデプレヒト;211;GER;1939;1941;1942;1990;3;6;0;3;0;5;0;L211;1939;1960;x
5 フリードリヒ・オルブリヒト;212;GER;1938;1940;1990;1990;3;5;0;2;0;2;0;L212;1938;1960;x
5 オイゲン・オット;213;GER;1930;1940;1990;1990;3;5;0;2;0;5;0;L213;1930;1960;x
6 ヘルムート・フォン・パンヴィッツ;214;GER;1941;1943;1990;1990;3;6;12;2;0;5;0;L214;1941;1947;x
8 フリードリヒ・パウルス;215;GER;1939;1940;1942;1943;1;8;131;4;0;5;0;L215;1939;1957;x
6 ルドルフ・ペシェル;216;GER;1942;1943;1990;1990;3;6;2;2;0;5;0;L216;1942;1944;x
5 ヴァルター・ペッツェル;217;GER;1930;1939;1990;1990;2;5;4;2;0;5;0;L217;1930;1960;x
5 ゲオルク・ファイファー;218;GER;1940;1942;1990;1990;2;5;64;2;0;5;0;L218;1940;1944;x
6 クリスティアン・フィリップ;219;GER;1942;1943;1990;1990;2;6;256;2;0;5;0;L219;1942;1960;x
5 アルベルト・プラウン;220;GER;1939;1942;1990;1990;3;5;0;2;0;5;0;L220;1939;1960;x
7 ヘルマン＝ベルンハルト・ラムケ;221;GER;1941;1942;1943;1990;2;7;256;3;0;5;0;L221;1941;1968;x
5 ジークフリート・ラスプ;222;GER;1943;1944;1945;1990;2;5;0;2;0;5;0;L222;1943;1960;x
7 エアハルト・ラウス;223;GER;1941;1943;1944;1990;1;7;128;3;0;5;0;L223;1941;1960;x
7 ゲオルク＝ハンス・ラインハルト;224;GER;1937;1939;1940;1990;2;7;128;3;0;5;0;L224;1937;1960;x
5 オットー＝エルンスト・レーマー;225;GER;1945;1990;1990;1990;3;5;0;2;0;5;0;L225;1945;1960;x
6 ヘルムート・ライマン;226;GER;1937;1940;1990;1990;2;6;2;2;0;5;0;L226;1937;1960;x
8 ユリウス・リンゲル;227;GER;1940;1942;1944;1990;2;8;257;4;0;5;0;L227;1940;1960;x
5 カール・ローデンブルク;228;GER;1942;1943;1990;1990;3;5;0;2;0;5;0;L228;1942;1960;x
5 エーベルハルト・ロット;229;GER;1943;1944;1990;1990;3;5;128;2;0;5;0;L229;1943;1960;x
9 エルウィン・ロンメル;230;GER;1939;1940;1941;1942;1;9;149;5;0;5;0;L230;1939;1960;x
7 リヒャルト・ルオフ;231;GER;1930;1938;1942;1990;2;7;4;3;0;5;0;L231;1930;1960;x
6 エルンスト・ルップ;232;GER;1941;1942;1990;1990;2;6;2;2;0;5;0;L232;1941;1943;x
5 クルト・レプケ;233;GER;1943;1944;1945;1990;3;5;0;2;0;5;0;L233;1943;1960;x
6 ハンス・レッティガー;234;GER;1942;1943;1945;1990;2;6;128;3;0;5;0;L234;1942;1960;x
6 カール・ザクス;235;GER;1937;1939;1942;1990;2;6;32;2;0;5;0;L235;1937;1944;x
5 マックス・ザクセンハイマー;236;GER;1944;1990;1990;1990;3;5;0;1;0;5;0;L236;1944;1960;x
7 フェルディナント・シャール;237;GER;1938;1939;1941;1990;2;7;128;3;0;5;0;L237;1938;1960;x
5 ヴァルター・シェラー;238;GER;1941;1943;1990;1990;3;5;0;1;0;5;0;L238;1941;1944;x
5 エーリヒ・ショッパー;239;GER;1938;1941;1990;1990;2;5;0;2;0;5;0;L239;1938;1960;x
7 アルフレート・シュレム;240;GER;1942;1943;1944;1990;2;7;256;3;0;5;0;L240;1940;1960;x
5 ヨハン・シュレマー;241;GER;1942;1943;1944;1990;2;5;4;2;0;5;0;L241;1942;1960;x
6 フリッツ・シュリーパー;242;GER;1930;1941;1990;1990;3;6;0;2;0;5;0;L242;1930;1960;x
5 ハンス・シュミット;243;GER;1930;1930;1990;1990;2;5;0;1;0;5;0;L243;1930;1943;x
7 ルドルフ・シュミット;244;GER;1930;1938;1942;1990;2;7;131;3;0;5;0;L244;1930;1943;x
5 ルドルフ・シュムント;245;GER;1942;1943;1990;1990;2;5;0;2;0;5;0;L245;1942;1960;x
5 ルドルフ・シュニーヴィント;246;GER;1930;1930;1940;1990;2;5;0;3;0;3;0;L246;1930;1942;x
6 エーリヒ・ラスチック;247;GER;1930;1930;1939;1990;2;6;4;2;0;5;0;L247;1930;1945;x
6 フリードリヒ・シュルツ;248;GER;1942;1943;1944;1990;2;6;128;3;0;5;0;L248;1942;1960;x
8 フェルディナント・シェルナー;249;GER;1938;1940;1944;1945;2;8;259;4;0;5;0;L249;1938;1960;x
7 フリードリーン・フォン・ゼンガー・ウント・エッテルリン;250;GER;1938;1944;1945;1990;3;7;128;3;0;5;0;L250;1938;1960;x
5 ヴァルター・フォン・ザイドリッツ＝クルツバッハ;251;GER;1939;1941;1990;1990;3;5;2;2;0;5;0;L251;1939;1943;x
5 エルンスト・ジーラー;252;GER;1943;1944;1990;1990;3;5;0;2;0;5;0;L252;1943;1960;x
6 フリードリヒ・ジクスト;253;GER;1941;1943;1990;1990;3;6;2;2;0;5;0;L253;1941;1943;x
4 ハンス・シュパイデル;254;GER;1942;1990;1990;1990;3;4;0;1;0;3;0;L254;1942;1944;x
4 オットー・シュタンゲ;255;GER;1945;1990;1990;1990;3;4;0;1;0;5;0;L255;1945;1960;x
6 ヴィルヘルム・シュテマーマン;256;GER;1939;1941;1942;1990;3;6;0;2;0;5;0;L256;1939;1944;x
6 エーリヒ・シュトラウベ;257;GER;1939;1941;1942;1990;2;6;16;4;0;5;0;L257;1939;1960;x
7 アドルフ・シュトラウス;258;GER;1930;1937;1940;1990;1;7;516;3;0;5;0;L258;1930;1947;x
6 カール・シュトレッカー;259;GER;1938;1940;1943;1990;2;6;0;3;0;5;0;L259;1938;1946;x
8 クルト・シュトゥーデント;260;GER;1938;1940;1944;1990;2;8;258;4;0;5;0;L260;1938;1960;x
7 ゲオルク・シュトゥンメ;261;GER;1930;1938;1941;1990;2;7;128;3;0;5;0;L261;1930;1942;x
6 エーベルハルト・トュナート;262;GER;1944;1945;1990;1990;3;6;129;2;0;5;0;L262;1944;1960;x
6 ジークフリート・トーマシュキ;263;GER;1942;1943;1945;1990;2;6;0;3;0;5;0;L263;1942;1960;x
7 テオドール・トルスドルフ;264;GER;1944;1945;1990;1990;2;7;12;2;0;5;0;L264;1944;1960;x
5 ヴォルフ・トリーレンベルク;265;GER;1938;1943;1990;1990;2;5;0;2;0;5;0;L265;1938;1960;x
5 ハンス・トローガー;266;GER;1938;1941;1990;1990;3;5;128;2;0;5;0;L266;1938;1944;x
6 ヴィルヘルム・ウーレクス;267;GER;1930;1930;1937;1990;2;6;1;3;0;5;0;L267;1930;1941;x
6 ルドルフ・ファイエル;268;GER;1937;1938;1942;1990;2;6;128;3;0;5;0;L268;1937;1960;x
5 エミール・フォーゲル;269;GER;1942;1943;1944;1990;2;5;256;2;0;5;0;L269;1942;1960;x
6 フリードリヒ・フォルカーマー・フォン・キルヘンジッテンバッハ;270;GER;1942;1943;1945;1990;3;6;256;3;0;5;0;L270;1942;1960;x
6 パウル・フォルカース;271;GER;1941;1942;1943;1990;2;6;4;3;0;5;0;L271;1941;1946;x
9 ハンス＝ユルゲン・フォン・アルニム;272;GER;1938;1939;1942;1990;2;9;131;4;0;5;0;L272;1938;1960;x
6 ヴァルター・フォン・アクステルム;273;GER;1940;1942;1944;1990;2;6;2;3;0;5;0;L273;1940;1960;x
5 フランツ＝エッカルト・フォン・ベンティフェグニ;274;GER;1944;1945;1990;1990;3;5;2;2;0;5;0;L274;1944;1958;x
6 ルートヴィッヒ・フォン・デア・ライエン;275;GER;1930;1938;1990;1990;3;6;4;3;0;5;0;L275;1930;1950;x
5 ヴォルフ・フォン・ビーデルマン;276;GER;1941;1990;1990;1990;3;5;2;1;0;5;0;L276;1941;1960;x
6 アーノルド・フォン・ビーゲレーベン;277;GER;1930;1937;1990;1990;2;6;0;2;0;5;0;L277;1930;1940;x
6 ゲオルク・フォン・ビスマルク;278;GER;1940;1942;1990;1990;3;6;128;2;0;5;0;L278;1940;1942;x
9 フェドーア・フォン・ボック;279;GER;1930;1930;1938;1940;0;9;4;4;0;5;0;L279;1930;1960;x
5 ジエーテル・フォン・ベーム＝ベツィンク;280;GER;1930;1930;1990;1990;2;5;0;1;0;5;0;L280;1930;1943;x
9 クノ＝ハンス・フォン・ボート;281;GER;1937;1939;1990;1990;2;9;4;2;0;5;0;L281;1937;1960;x
9 ヴァルター・フォン・ブラウヒッチュ;282;GER;1930;1930;1938;1940;1;9;4;4;0;5;0;L282;1930;1960;x
6 クルト・フォン・ブリーゼン;283;GER;1937;1939;1940;1990;2;6;0;3;0;5;0;L283;1937;1941;x
6 ヴァルター・フォン・ブロックドルフ＝アーレフェルト;284;GER;1937;1939;1990;1990;2;6;4;2;0;5;0;L284;1937;1943;x
6 ハーバート・フォン・ボックマン;285;GER;1939;1941;1990;1990;2;6;4;2;0;5;0;L285;1939;1943;x
6 ディートリヒ・フォン・コルティッツ;286;GER;1942;1943;1944;1990;2;6;128;2;0;5;0;L286;1942;1960;x
5 アレクサンダー・フォン・ダニエルス;287;GER;1941;1942;1990;1990;3;5;0;2;0;5;0;L287;1941;1960;x
4 ハインリヒ・フォン・デム・ハーゲン;288;GER;1930;1930;1990;1990;2;4;512;1;0;5;0;L288;1930;1942;x
6 ヘルムート・フォン・デル・シュヴァルリー;289;GER;1942;1943;1990;1990;2;6;128;3;0;5;0;L289;1942;1960;x
7 クルト・フォン・デル・シュヴァルリー;290;GER;1939;1942;1990;1990;2;7;4;2;0;5;0;L290;1939;1960;x
6 ヴィクトル・フォン・シュウェトラー;291;GER;1930;1930;1938;1990;2;6;4;2;0;5;0;L291;1930;1954;x
6 ハンス＝カール・フォン・エーゼベック;292;GER;1941;1942;1944;1990;2;6;128;3;0;5;0;L292;1941;1960;x
6 アレクサンダー・フォン・ファルケンハウゼン;293;GER;1939;1939;1990;1990;2;6;0;3;0;5;0;L293;1939;1960;x
8 ニコラウス・フォン・ファルケンホルスト;294;GER;1930;1937;1940;1990;1;8;12;3;0;5;0;L294;1930;1946;x
5 ボート・フォン・フランツィウス;295;GER;1941;1990;1990;1990;3;5;0;1;0;5;0;L295;1941;1942;x
5 ジギスムント・フォン・フォルスター;296;GER;1930;1938;1943;1990;2;5;8;3;0;5;0;L296;1930;1960;x
7 ハンス・フォン・フンク;297;GER;1941;1942;1944;1990;2;7;128;3;0;5;0;L297;1941;1960;x
5 エッカート・フォン・ガブレンツ;298;GER;1938;1940;1990;1990;2;5;0;2;0;5;0;L298;1938;1960;x
6 ハンス・フォン・グライフェンベルク;299;GER;1940;1942;1944;1990;2;6;0;3;0;5;0;L299;1940;1951;x
7 ヒアツィント・フォン・シュトラハヴィッツ・フォン・グロース＝ザウチェ・ウント・カムネッツ;300;GER;1944;1945;1990;1990;3;7;132;2;0;5;0;L300;1944;1960;x
6 コンラート・フォン・ゴスラー;301;GER;1930;1930;1990;1990;2;6;0;1;0;5;0;L301;1930;1939;x
5 ハインリヒ・フォン・ハーデルン;302;GER;1930;1939;1990;1990;3;5;514;2;0;5;0;L302;1930;1940;x
6 ヘルマン・フォン・ハンネケン;303;GER;1938;1940;1990;1990;2;6;5;2;0;5;0;L303;1938;1960;x
5 アレクサンダー・フォン・ハルトマン;304;GER;1941;1942;1990;1990;3;5;0;2;0;5;0;L304;1941;1943;x
5 マックス・フォン・ハルトリープ＝ヴァルスポルン;305;GER;1937;1939;1990;1990;2;5;128;2;0;5;0;L305;1937;1960;x
5 ルディガー・フォン・ハイキング;306;GER;1941;1943;1990;1990;3;5;256;2;0;5;0;L306;1941;1944;x
6 レオナルド・カウピシュ;307;GER;1930;1930;1930;1990;1;6;514;2;0;5;0;L307;1930;1942;x
7 オットー・フォン・クノーベルスドルフ;308;GER;1939;1940;1942;1990;2;7;128;3;0;5;0;L308;1939;1960;x
6 ヴィルヘルム・クノッヘンハウアー;309;GER;1930;1930;1990;1990;2;6;512;2;0;5;0;L309;1930;1939;x
9 エヴァルト・フォン・クライスト;310;GER;1930;1930;1940;1943;1;9;132;4;0;5;0;L310;1930;1954;x
9 ギュンター・フォン・クルーゲ;311;GER;1930;1930;1939;1940;0;9;12;5;0;5;0;L311;1930;1960;x
7 フランツ・クレス・フォン・クレッセンシュタイン;312;GER;1930;1930;1990;1990;2;7;4;2;0;5;0;L312;1930;1939;x
5 エルンスト＝アントン・フォン・クロジク;313;GER;1943;1944;1945;1990;2;5;0;2;0;5;0;L313;1943;1945;x
9 ゲオルク・フォン・キュヒラー;314;GER;1930;1930;1939;1942;1;9;4;4;0;5;0;L314;1930;1960;x
6 メインラッド・フォン・ラウヘルト;315;GER;1945;1990;1990;1990;3;6;128;1;0;5;0;L315;1945;1960;x
8 ヴィルヘルム・フォン・レープ;316;GER;1930;1930;1938;1940;0;8;6;4;0;5;0;L316;1930;1960;x
6 カール・フォン・ル・スイル;317;GER;1943;1944;1945;1990;2;6;256;2;0;5;0;L317;1943;1960;x
6 エルンスト・フォン・ライザー;318;GER;1941;1942;1943;1990;2;6;256;2;0;5;0;L318;1941;1960;x
5 ヴィルヘルム・フォン・スタイン＝リーベンシュタイン・ツー・バルヒフェルト;319;GER;1945;1990;1990;1990;3;5;0;1;0;5;0;L319;1945;1953;x
6 スミロ・フォン・リュトヴィッツ;320;GER;1943;1945;1990;1990;3;6;128;2;0;5;0;L320;1943;1960;x
6 クルト＝ユルゲン・フォン・リュツォフ;321;GER;1939;1943;1990;1990;3;6;4;2;0;5;0;L321;1939;1960;x
8 エーベルハルト・フォン・マッケンゼン;322;GER;1938;1940;1943;1990;2;8;128;4;0;5;0;L322;1938;1945;x
8 ハッソ・フォン・マントイフェル;323;GER;1943;1944;1945;1990;3;8;130;4;0;5;0;L323;1943;1960;x
9 エーリヒ・フォン・マンシュタイン;324;GER;1930;1938;1939;1942;0;9;212;5;0;5;0;L324;1930;1960;x
5 ホルスト・フォン・メレンティン;325;GER;1943;1944;1945;1990;2;5;0;2;0;5;0;L325;1943;1960;x
5 オルドウィック・フォン・ナツメル;326;GER;1944;1945;1990;1990;3;5;0;2;0;5;0;L326;1944;1960;x
5 ハンス・フォン・オプストフェルダー;327;GER;1930;1940;1944;1990;2;5;4;3;0;5;0;L327;1930;1960;x
5 ラルフ・フォン・オリオラ;328;GER;1943;1945;1990;1990;3;5;0;2;0;5;0;L328;1943;1960;x
6 フリードリヒ・レーブ・フォン・パッペンハイム;329;GER;1943;1944;1990;1990;2;6;4;2;0;5;0;L329;1943;1960;x
5 ギュンター・フォン・ポグレル;330;GER;1930;1930;1940;1990;1;5;513;2;0;5;0;L330;1930;1942;x
6 ハインリヒ・フォン・プリットヴィッツ・ウント・ガフロン;331;GER;1930;1938;1990;1990;2;6;1;2;0;5;0;L331;1930;1941;x
5 カール・フォン・プラーガー;332;GER;1930;1940;1990;1990;2;5;528;2;0;5;0;L332;1930;1943;x
5 ヨハン・フォン・レーフェンシュタイン;333;GER;1930;1938;1990;1990;2;5;128;2;0;5;0;L333;1930;1942;x
8 ヴァルター・フォン・ライヘナウ;334;GER;1930;1930;1939;1940;0;8;4;4;0;5;0;L334;1930;1960;x
8 ゲルト・フォン・ルントシュテット;335;GER;1930;1930;1930;1940;0;8;6;5;0;5;0;L335;1930;1953;x
8 ハンス・フォン・ザルムート;336;GER;1937;1939;1943;1990;2;8;4;4;0;5;0;L336;1937;1960;x
7 ディートリヒ・フォン・ザウケン;337;GER;1942;1943;1944;1990;2;7;128;3;0;5;0;L337;1943;1960;x
6 アドルフ・フォン・シェル;338;GER;1930;1939;1990;1990;3;6;128;2;0;5;0;L338;1930;1943;x
5 ジークムント・フォン・シュライニッツ;339;GER;1930;1930;1990;1990;2;5;0;2;0;5;0;L339;1930;1942;x
5 カール・ヴィルヘルム・フォン・シュリーベン;340;GER;1942;1944;1990;1990;3;5;0;2;0;5;0;L340;1943;1944;x
7 オイゲン・フォン・ショーベルト;341;GER;1930;1937;1940;1990;1;7;4;3;0;5;0;L341;1930;1941;x
6 ゲルハルト・フォン・シュヴェリン;342;GER;1942;1943;1945;1990;2;6;128;3;0;5;0;L342;1942;1960;x
6 ゲオルク・フォン・ゾーデンシュターン;343;GER;1938;1940;1944;1990;2;6;4;3;0;5;0;L343;1938;1944;x
6 カール＝ハインリヒ・フォン・シュトゥルプナーゲル;344;GER;1930;1937;1939;1990;2;6;1;3;0;2;0;L344;1930;1944;x
7 ヴィルヘルム・フォン・トーマ;345;GER;1940;1941;1990;1990;3;7;128;3;0;5;0;L345;1940;1942;x
7 クルト・フォン・ティッペルスキルヒ;346;GER;1938;1940;1942;1990;2;7;8;3;0;5;0;L346;1938;1960;x
6 グスタフ・フォン・フェルスト;347;GER;1941;1942;1990;1990;3;6;128;2;0;5;0;L347;1941;1943;x
7 ハインリヒ・フォン・フィーティングホフ＝シェール;348;GER;1930;1938;1943;1990;2;7;130;3;0;5;0;L348;1930;1952;x
5 アルフレート・フォン・ヴォラール＝ボッケルベルク;349;GER;1930;1930;1990;1990;2;5;768;1;0;5;0;L349;1930;1940;x
7 ニコラウス・フォン・フォルマン;350;GER;1942;1943;1944;1990;3;7;128;2;0;5;0;L350;1942;1959;x
8 マクシミリアン・フォン・ヴァイクス;351;GER;1930;1930;1939;1943;1;8;0;4;0;5;0;L351;1930;1960;x
5 グスタフ・フォン・ヴィータースハイム;352;GER;1930;1930;1938;1990;2;5;4;3;0;5;0;L352;1930;1960;x
6 マウリッツ・フォン・ヴィクトリン;353;GER;1938;1939;1990;1990;2;6;4;2;0;5;0;L353;1938;1960;x
9 エルウィン・フォン・ヴィッツレーベン;354;GER;1930;1930;1939;1940;0;9;4;4;0;3;0;L354;1930;1960;x
5 ヘルマン・メッツ;355;GER;1930;1940;1941;1990;2;5;513;2;0;5;0;L355;1930;1942;x
6 グスタフ＝アドルフ・フォン・ツァンゲン;356;GER;1942;1943;1944;1990;2;6;0;3;0;5;0;L356;1942;1960;x
6 ヴァルター・ヴァーリモント;357;GER;1940;1942;1944;1990;2;6;0;3;0;5;0;L357;1940;1960;x
6 ハインリヒ・ヴァレルマン;358;GER;1945;1990;1990;1990;3;6;0;2;0;5;0;L358;1945;1960;x
5 ヴィルヘルム・ヴェゲナー;359;GER;1942;1943;1944;1990;2;5;4;2;0;5;0;L359;1942;1945;x
7 ヘルムート・ヴァイトリング;360;GER;1942;1943;1944;1990;2;7;130;3;0;5;0;L360;1942;1960;x
7 ヴァルター・ヴァイス;361;GER;1940;1942;1943;1990;1;7;2;3;0;5;0;L361;1940;1960;x
6 ヴァルター・ヴェンク;362;GER;1943;1944;1945;1990;3;6;130;3;0;5;0;L362;1943;1960;x
5 ジークフリート・ヴェストファル;363;GER;1943;1944;1945;1990;3;5;0;2;0;5;0;L363;1943;1960;x
5 フリードリヒ・ヴィーゼ;364;GER;1942;1943;1990;1990;3;5;0;2;0;5;0;L364;1942;1947;x
5 アウグスト・ヴィットマン;365;GER;1943;1944;1990;1990;2;5;256;2;0;5;0;L365;1943;1960;x
6 アルベルト・ヴォトリヒ;366;GER;1930;1930;1939;1990;2;6;0;3;0;5;0;L366;1930;1960;x
5 アドルフ・ヴォルフ;367;GER;1944;1990;1990;1990;3;5;2;1;0;5;0;L367;1944;1960;x
5 オットー・ヴェーラー;368;GER;1941;1942;1943;1990;2;5;1;2;0;5;0;L368;1941;1960;x
6 クルト・ツァイツラー;369;GER;1942;1943;1944;1990;1;6;129;3;0;5;0;L369;1942;1960;x
5 フリードリヒ・ツィックヴォルフ;370;GER;1938;1942;1990;1990;2;5;2;2;0;5;0;L370;1938;1943;x
7 ハインツ・ツィーグラー;371;GER;1941;1944;1990;1990;2;7;4;2;0;5;0;L371;1941;1960;x
5 ハンス・ツォルン;372;GER;1940;1942;1990;1990;3;5;128;2;0;5;0;L372;1940;1943;x
7 コンラート・アルブレヒト;373;GER;1930;1930;1930;1938;0;7;8704;3;0;5;1;L373;1930;1940;x
6 クルト・アスマン;374;GER;1930;1940;1990;1990;2;6;1024;2;0;5;1;L374;1930;1943;x
6 ヨハネス・バッハマン;375;GER;1930;1941;1942;1990;1;6;8192;3;0;5;1;L375;1930;1945;x
6 エーリッヒ・バイ;376;GER;1940;1990;1990;1990;3;6;8192;2;0;5;1;L376;1940;1944;x
7 ヘルマン・ベーム;377;GER;1930;1937;1938;1941;1;7;4096;4;0;4;1;L377;1930;1943;x
5 レイマー・フォン・ボニン;378;GER;1930;1990;1990;1990;3;5;0;1;0;5;1;L378;1930;1960;x
5 フリードリヒ・ボンテ;379;GER;1930;1990;1990;1990;3;5;8192;1;0;5;1;L379;1930;1940;x
7 ヘルムート・ブリンクマン;380;GER;1942;1944;1990;1990;2;7;4096;2;0;5;1;L380;1942;1960;x
4 エーリヒ・アルフレート・ブロイニング;381;GER;1944;1990;1990;1990;3;4;0;2;0;5;1;L381;1944;1960;x
7 テオドール・ブルハルディ;382;GER;1941;1943;1945;1990;3;7;4096;3;0;5;1;L382;1941;1960;x
3 ヴィルヘルム・ブッセ;383;GER;1940;1990;1990;1990;3;3;512;1;0;5;1;L383;1940;1960;x
7 ロルフ・カールス;384;GER;1930;1937;1938;1940;1;7;2560;4;0;5;1;L384;1930;1945;x
6 オットー・ツィリアクス;385;GER;1939;1941;1943;1990;2;6;4096;3;0;5;1;L385;1939;1960;x
6 カール・クーペッテ;386;GER;1930;1990;1990;1990;3;6;8704;1;0;5;1;L386;1930;1938;x
8 ヘルマン・デンシュ;387;GER;1930;1938;1940;1990;1;8;4096;3;0;5;1;L387;1930;1943;x
4 ペーター・クリスティアン・ドナー;388;GER;1930;1990;1990;1990;3;4;0;1;0;5;1;L388;1930;1944;x
9 カール・デーニッツ;389;GER;1939;1940;1942;1943;0;9;1024;5;0;5;1;L389;1939;1960;x
5 クラウス・フェルト;390;GER;1942;1990;1990;1990;3;5;0;1;0;5;1;L390;1942;1944;x
5 クルト・フライヴァルト;391;GER;1944;1990;1990;1990;3;5;1024;1;0;5;1;L391;1944;1960;x
7 エーリヒ・フォルステ;392;GER;1939;1941;1943;1990;2;7;4096;3;0;5;1;L392;1939;1960;x
8 ギュンター・グーゼ;393;GER;1930;1937;1940;1990;1;8;0;2;0;5;1;L393;1930;1960;x
5 フリードリヒ・ゲッティング;394;GER;1930;1937;1990;1990;2;5;0;2;0;5;1;L394;1930;1946;x
6 ヘルムート・ハイエ;395;GER;1942;1944;1990;1990;3;6;0;2;0;5;1;L395;1942;1960;x
5 クルト・ホフマン;396;GER;1942;1943;1990;1990;2;5;0;2;0;5;1;L396;1942;1960;x
5 ハラルド・キーナスト;397;GER;1942;1990;1990;1990;3;5;0;1;0;5;1;L397;1942;1960;x
7 グスタフ・キーゼリツキー;398;GER;1941;1942;1990;1990;2;7;4096;3;0;5;1;L398;1941;1943;x
6 グスタフ・クライカンプ;399;GER;1942;1943;1990;1990;2;6;0;2;0;5;1;L399;1942;1952;x
7 テオドール・クランケ;400;GER;1941;1942;1943;1990;3;7;4096;3;0;5;1;L400;1941;1960;x
7 オスカー・クメッツ;401;GER;1940;1942;1943;1990;2;7;0;3;0;5;1;L401;1940;1960;x
4 ハンス＝ギュンター・ランゲ;402;GER;1947;1990;1990;1990;2;4;1024;2;0;5;1;L402;1947;1960;x
5 ハンス・ランクスドルフ;403;GER;1930;1990;1990;1990;3;5;0;1;0;5;1;L403;1930;1939;x
5 ヨアヒム・リーツマン;404;GER;1941;1943;1990;1990;2;5;0;2;0;5;1;L404;1941;1960;x
6 ヴェルナー・レーヴィッシュ;405;GER;1941;1944;1990;1990;2;6;0;2;0;5;1;L405;1941;1960;x
7 ギュンター・リュッチェンス;406;GER;1937;1939;1940;1990;2;7;4096;3;0;5;1;L406;1937;1941;x
7 ヴィルヘルム・マーシャル;407;GER;1930;1938;1939;1943;1;7;4096;4;0;5;1;L407;1930;1960;x
7 ヴィルヘルム・マイゼル;408;GER;1942;1943;1944;1990;2;7;8192;3;0;5;1;L408;1942;1960;x
9 エーリヒ・レーダー;409;GER;1930;1930;1930;1936;0;9;4096;4;0;5;1;L409;1930;1960;x
6 ベルンハルト・ロッゲ;410;GER;1943;1945;1990;1990;3;6;1536;2;0;5;1;L410;1943;1960;x
5 フリードリヒ・ルーゲ;411;GER;1942;1943;1990;1990;2;5;0;2;0;5;1;L411;1942;1960;x
6 ハンス・ロージング;412;GER;1942;1990;1990;1990;3;6;1024;1;0;5;1;L412;1942;1960;x
8 アルフレート・ザールヴェヒター;413;GER;1930;1930;1937;1940;1;8;4096;4;0;5;1;L413;1930;1960;x
6 エルンスト・シルリッツ;414;GER;1942;1943;1990;1990;2;6;0;2;0;5;1;L414;1942;1960;x
5 ヴィルヘルム・シューベルト;415;GER;1939;1940;1942;1990;2;5;0;1;0;5;2;L415;1939;1943;x
6 カール＝ゲオルク・シュスター;416;GER;1930;1938;1940;1990;2;6;0;3;0;5;1;L416;1930;1943;x
7 エルンスト・ゾーベ;417;GER;1938;1990;1990;1990;3;7;1024;1;0;5;1;L417;1938;1942;x
6 ルドルフ・シュタンゲ;418;GER;1943;1945;1990;1990;2;6;0;2;0;5;1;L418;1943;1960;x
5 アウグスト・ティーレ;419;GER;1930;1943;1990;1990;2;5;4096;2;0;5;1;L419;1930;1960;x
5 ロタール・フォン・アルノー・ド・ラ・ペリエール;420;GER;1939;1940;1990;1990;2;5;0;2;0;5;1;L420;1939;1941;x
8 ハンス＝ゲオルク・フォン・フリーデブルク;421;GER;1942;1943;1944;1945;2;8;1024;4;0;5;1;L421;1942;1960;x
4 カール＝イェスコ・フォン・プットカマー;422;GER;1943;1990;1990;1990;3;4;0;1;0;5;1;L422;1943;1960;x
7 フーベルツ・フォン・シュトッシュ;423;GER;1939;1941;1990;1990;2;7;0;2;0;5;1;L423;1939;1944;x
6 クルト・ヴァイハー;424;GER;1945;1990;1990;1990;3;6;0;1;0;5;1;L424;1945;1960;x
6 カール・ヴィッツェル;425;GER;1930;1930;1937;1941;1;6;0;3;0;5;1;L425;1930;1942;x
6 ヘルムート・ビーネク;426;GER;1938;1940;1941;1990;1;6;0;3;0;5;2;L426;1940;1944;x
6 カール＝ハインリヒ・ボーデンシャッツ;427;GER;1938;1940;1990;1990;2;6;65536;2;0;5;2;L427;1938;1960;x
6 ルドルフ・ボガチュ;428;GER;1938;1940;1990;1990;2;6;4096;2;0;5;2;L428;1938;1960;x
6 エルンスト・ボルマン;429;GER;1944;1990;1990;1990;3;6;16384;2;0;5;2;L429;1944;1960;x
6 ヘルマン・ブルフ;430;GER;1939;1940;1990;1990;2;6;131072;2;0;5;2;L430;1939;1960;x
7 アルフレート・ブロヴィウス;431;GER;1941;1943;1944;1990;3;7;16384;4;0;5;2;L431;1941;1960;x
5 ロベルト・カールセン;432;GER;1939;1940;1990;1990;3;5;0;2;0;5;2;L432;1939;1945;x
6 ヨアヒム・ケーラー;433;GER;1939;1940;1942;1990;2;6;131072;3;0;5;2;L433;1939;1960;x
6 オットー・デスロッホ;434;GER;1939;1940;1944;1990;2;6;0;3;0;5;2;L434;1939;1960;x
6 オスカー・ディノルト;435;GER;1945;1990;1990;1990;3;6;16384;1;0;5;2;L435;1945;1960;x
7 ヘルムート・フェルミー;436;GER;1930;1937;1938;1990;2;7;4096;3;0;5;2;L436;1930;1960;x
8 アドルフ・ガランド;437;GER;1942;1944;1990;1990;3;8;4096;3;0;5;2;L437;1942;1960;x
6 ハンス・ガイスラー;438;GER;1937;1939;1940;1990;2;6;131072;3;0;5;2;L438;1937;1960;x
7 ウルリッヒ・グラウエルト;439;GER;1930;1938;1940;1990;1;7;16384;3;0;5;2;L439;1930;1941;x
7 ヘルマン・ゲーリング;440;GER;1930;1930;1930;1938;0;7;32768;3;0;5;2;L440;1930;1960;x
6 マルティン・ハーリングハウゼン;441;GER;1942;1944;1990;1990;2;6;0;2;0;5;2;L441;1942;1960;x
9 エーリヒ・ハルトマン;442;GER;1955;1990;1990;1990;3;9;4096;1;0;5;2;L442;1945;1960;x
6 ルートヴィッヒ・ハイルマン;443;GER;1944;1990;1990;1990;3;6;256;2;0;5;0;L443;1944;1959;x
6 オットー・ホフマン・フォン・ヴァルダウ;444;GER;1940;1942;1990;1990;2;6;16384;2;0;5;2;L444;1940;1943;x
6 ヴァルター・ハーゲン;445;GER;1944;1990;1990;1990;3;6;16384;2;0;5;2;L445;1944;1960;x
7 ヨアヒム＝フリードリヒ・フート;446;GER;1943;1944;1990;1990;2;7;4096;2;0;5;2;L446;1943;1960;x
6 ハンス・イェシェンネク;447;GER;1939;1940;1942;1990;1;6;0;3;0;4;2;L447;1939;1960;x
8 ヨーゼフ・カムフーバー;448;GER;1940;1941;1943;1990;1;8;65536;4;0;5;2;L448;1940;1960;x
6 グスタフ・カストナー＝キルドルフ;449;GER;1938;1940;1941;1990;2;6;0;3;0;5;2;L449;1938;1960;x
7 アルフレート・ケラー;450;GER;1930;1938;1940;1990;1;7;20480;3;0;5;2;L450;1930;1960;x
9 アルベルト・ケッセルリンク;451;GER;1930;1930;1937;1940;0;9;16384;4;0;5;2;L451;1930;1943;x
7 カール・コラー;452;GER;1942;1943;1944;1990;2;7;4096;3;0;5;2;L452;1942;1960;x
5 ゲオルク・ヴァイナー;453;GER;1943;1990;1990;1990;3;5;4096;2;0;5;2;L453;1943;1957;x
8 ブルーノ・ローツァー;454;GER;1938;1940;1943;1990;2;8;4096;4;0;5;2;L454;1938;1945;x
5 パウル・ヴァイトクス;455;GER;1945;1990;1990;1990;3;5;0;2;0;5;2;L455;1945;1960;x
8 エアハルト・ミルヒ;456;GER;1930;1930;1938;1940;0;8;12288;3;0;5;2;L456;1930;1960;x
5 フリードリヒ＝ヴィルヘルム・モルツィク;457;GER;1943;1990;1990;1990;3;5;0;1;0;5;2;L457;1943;1960;x
7 ヴェルナー・メルダース;458;GER;1939;1990;1990;1990;3;7;4096;1;0;5;2;L458;1939;1941;x
5 ヴァルター・ムスホフ;459;GER;1939;1940;1990;1990;2;5;0;2;0;5;2;L459;1939;1960;x
6 テオドール・オスターカンプ;460;GER;1940;1942;1990;1990;2;6;4096;2;0;5;2;L460;1940;1945;x
7 ディートリヒ・ペルツ;461;GER;1943;1990;1990;1990;3;7;16384;2;0;5;2;L461;1943;1960;x
7 カート・プフルグバイル;462;GER;1939;1940;1942;1990;2;7;16384;3;0;5;2;L462;1939;1960;x
6 リヒャルト・プツィアー;463;GER;1939;1941;1942;1990;2;6;0;3;0;5;2;L463;1939;1960;x
9 ハンス＝ウルリッヒ・ルーデル;464;GER;1945;1949;1952;1990;3;9;20480;3;0;5;2;L464;1945;1960;x
6 ギュンター・ルーデル;465;GER;1930;1937;1941;1990;2;6;0;3;0;5;2;L465;1930;1942;x
5 マックス・ペムゼル;466;GER;1943;1944;1990;1990;2;5;256;2;0;5;0;L466;1943;1960;x
6 ヴィンフリート・シュミット;467;GER;1943;1990;1990;1990;3;6;0;1;0;5;2;L467;1943;1960;x
6 アーダルベルト・シュルツ;468;GER;1944;1990;1990;1990;3;6;128;2;0;5;0;L468;1944;1945;x
3 ハンス・ジーモン;469;GER;1944;1990;1990;1990;3;3;0;1;0;5;0;L469;1944;1960;x
9 フーゴ・シュペルレ;470;GER;1930;1937;1938;1940;0;9;49152;4;0;5;2;L470;1930;1960;x
6 ハンス＝ユルゲン・シュトゥンプフ;471;GER;1930;1937;1940;1990;1;6;131072;3;0;5;2;L471;1930;1960;x
5 ヴィルヘルム・ススマン;472;GER;1939;1940;1990;1990;3;5;0;2;0;5;2;L472;1939;1941;x
7 エルンスト・ウーデット;473;GER;1937;1938;1940;1990;2;7;20480;4;0;5;2;L473;1937;1960;x
5 エルンスト・ウール;474;GER;1945;1990;1990;1990;3;5;16384;1;0;5;2;L474;1945;1960;x
8 ロベルト・フォン・グライム;475;GER;1938;1940;1943;1945;1;8;4096;4;0;5;2;L475;1938;1960;x
3 ヴァルター・フォン・ヒッペル;476;GER;1943;1944;1990;1990;3;3;0;1;0;5;0;L476;1943;1960;x
9 マクシミリアン・フォン・ポール;477;GER;1939;1940;1942;1990;1;9;0;3;0;5;2;L477;1939;1960;x
4 ヘイーノ・フォン・ランツァウ;478;GER;1942;1943;1990;1990;2;4;0;1;0;5;0;L478;1942;1946;x
9 ヴォルフラム・フォン・リヒトホーフェン;479;GER;1938;1940;1942;1943;2;9;36864;4;0;5;2;L479;1938;1945;x
6 ベルンハルト・ヴェーバー;480;GER;1938;1940;1942;1990;2;6;0;3;0;5;2;L480;1938;1944;x
5 フーベルト・ヴァイゼ;481;GER;1930;1938;1940;1990;1;5;0;2;0;5;2;L481;1930;1960;x
6 オイゲン・ヴァイスマン;482;GER;1939;1940;1942;1990;2;6;0;3;0;5;2;L482;1939;1951;x
6 ヴァルター・ヴェーファー;483;GER;1930;1930;1990;1990;2;6;16384;3;0;5;2;L483;1930;1937;x
6 ヴィルヘルム・ヴィマー;484;GER;1930;1938;1939;1990;1;6;0;3;0;5;2;L484;1930;1960;x
6 ルートヴィッヒ・ヴォルフ;485;GER;1937;1939;1941;1990;1;6;0;3;0;5;2;L485;1937;1960;x
6 エミール・ツェネッティ;486;GER;1937;1939;1941;1990;2;6;0;3;0;5;2;L486;1937;1945;x
6 フリードリヒ・アルパース;487;GER;1939;1943;1990;1990;3;6;256;3;0;5;0;L487;1939;1944;x
5 フランツ・アウクスベルガー;488;GER;1943;1990;1990;1990;3;5;4;1;0;5;0;L488;1943;1945;x
6 カール・ベッカー;489;GER;1943;1944;1990;1990;3;6;2;1;0;5;0;L489;1943;1960;x
5 ヘルムート・ベッカー;490;GER;1943;1990;1990;1990;3;5;0;1;0;5;0;L490;1943;1960;x
7 ヴィルヘルム・ビトリヒ;491;GER;1941;1944;1990;1990;3;7;128;3;0;5;0;L491;1941;1946;x
6 クルト・ブラザック;492;GER;1944;1990;1990;1990;3;6;128;1;0;5;0;L492;1944;1960;x
6 カール＝ハインリヒ・ブレンナー;493;GER;1939;1944;1990;1990;3;6;256;2;0;5;0;L493;1939;1960;x
6 ロタール・デベス;494;GER;1942;1944;1990;1990;3;6;0;2;0;5;0;L494;1942;1960;x
7 カール＝マリア・デメルフーバー;495;GER;1941;1942;1944;1990;2;7;4;4;0;5;0;L495;1941;1960;x
8 ヨーゼフ・ディートリヒ;496;GER;1930;1939;1941;1990;2;8;128;4;0;5;0;L496;1930;1960;x
7 テオドール・アイケ;497;GER;1930;1939;1942;1990;2;7;4;4;0;5;0;L497;1930;1943;x
3 ヘルマン・フェーゲライン;498;GER;1942;1944;1990;1990;3;3;0;2;0;5;0;L498;1942;1960;x
5 ヨーゼフ・フィッツム;499;GER;1943;1990;1990;1990;3;5;1;1;0;5;0;L499;1943;1960;x
7 ヘルベルト・オットー・ギレ;500;GER;1942;1943;1944;1990;2;7;128;3;0;5;0;L500;1942;1960;x
5 ハインツ・ハルメル;501;GER;1944;1990;1990;1990;3;5;128;1;0;5;0;L501;1944;1960;x
6 ヴァルター・ハルツァー;502;GER;1945;1990;1990;1990;3;6;128;1;0;5;0;L502;1945;1960;x
9 パウル・ハウサー;503;GER;1930;1930;1944;1946;1;9;133;4;0;5;0;L503;1930;1960;x
6 アウグスト・ハイスマイヤー;504;GER;1930;1937;1944;1990;2;6;0;4;0;5;0;L504;1930;1960;x
4 ハインリヒ・ヒムラー;505;GER;1930;1930;1930;1940;0;4;0;2;0;5;0;L505;1930;1960;x
5 ヴァルデマール・フェーゲライン;506;GER;1945;1990;1990;1990;3;5;0;1;0;5;0;L506;1945;1960;x
5 リヒャルト・ユンククラウス;507;GER;1943;1944;1990;1990;3;5;4;2;0;5;0;L507;1943;1945;x
6 ゲオルク・ケプラー;508;GER;1940;1942;1944;1990;2;6;128;4;0;5;0;L508;1940;1960;x
7 マティアス・クラインハイスターカンプ;509;GER;1941;1943;1944;1990;2;7;128;4;0;5;0;L509;1941;1945;x
6 フーゴ・クラース;510;GER;1945;1990;1990;1990;3;6;8;1;0;5;0;L510;1945;1960;x
6 フリッツ・クラーマー;511;GER;1943;1990;1990;1990;3;6;128;1;0;5;0;L511;1943;1945;x
7 ヴァルター・クリューガー;512;GER;1941;1942;1944;1990;2;7;130;4;0;5;0;L512;1941;1945;x
6 フリッツ・フライターク;513;GER;1943;1990;1990;1990;3;6;2;2;0;5;0;L513;1943;1960;x
6 オットー・クム;514;GER;1944;1990;1990;1990;3;6;128;1;0;5;0;L514;1944;1960;x
6 ハインツ・ラマーディング;515;GER;1943;1990;1990;1990;3;6;128;2;0;5;0;L515;1943;1960;x
6 グスタフ・ロンバルト;516;GER;1943;1990;1990;1990;3;6;4;1;0;5;0;L516;1943;1960;x
8 クルト・マイヤー;517;GER;1943;1990;1990;1990;3;8;128;2;0;5;0;L517;1943;1960;x
6 ヴィルヘルム・モーンケ;518;GER;1945;1990;1990;1990;3;6;129;2;0;5;0;L518;1945;1960;x
6 ヴェルナー・オステンドルフ;519;GER;1944;1990;1990;1990;3;6;128;2;0;5;0;L519;1944;1945;x
6 ヨアヒム・パイパー;520;GER;1944;1990;1990;1990;3;6;4;2;0;5;0;L520;1944;1946;x
6 ヘルマン・プリース;521;GER;1944;1990;1990;1990;3;6;128;1;0;5;0;L521;1944;1945;x
5 カール・フォン・ピュックラー＝ブルクハウス ;522;GER;1942;1990;1990;1990;3;5;2;2;0;5;0;L522;1942;1960;x
6 エルウィン・レーゼナー;523;GER;1941;1942;1944;1990;2;6;1;3;0;5;0;L523;1941;1960;x
6 ヨアヒム・ルモール;524;GER;1943;1990;1990;1990;3;6;4;1;0;5;0;L524;1943;1960;x
7 グスタフ・ザウベルツヴァイク;525;GER;1943;1944;1990;1990;2;7;256;3;0;5;0;L525;1943;1960;x
6 ヴァルター・シマナ;526;GER;1942;1944;1990;1990;3;6;4;2;0;5;0;L526;1942;1960;x
6 マックス・ジーモン;527;GER;1942;1944;1990;1990;2;6;4;2;0;5;0;L527;1942;1960;x
8 オットー・スコルツェニー;528;GER;1945;1990;1990;1990;3;8;272;2;0;5;0;L528;1948;1960;x
6 シルベスター・シュタットラー;529;GER;1944;1990;1990;1990;3;6;128;1;0;5;0;L529;1944;1960;x
8 フェリックス・シュタイナー;530;GER;1939;1942;1944;1990;2;8;128;4;0;5;0;L530;1939;1960;x
5 ブルーノ・シュトレケンバッハ;531;GER;1942;1944;1990;1990;3;5;1;2;0;5;0;L531;1942;1960;x
5 ヴィルヘルム・トラバント;532;GER;1944;1990;1990;1990;3;5;8;1;0;5;0;L532;1944;1946;x
5 エーリッヒ・フォン・デム・バッハ＝ツェレヴスキ;533;GER;1930;1937;1941;1990;2;5;2;2;0;5;0;L533;1930;1960;x
7 ヴァルター・フォン・ヒューネルスドルフ;534;GER;1939;1943;1990;1990;3;7;128;2;0;5;0;L534;1939;1943;x
6 アウグスト・シュミットフーバー;535;GER;1945;1990;1990;1990;3;6;256;2;0;5;0;L535;1945;1960;x
5 アウグスト・フォン・マイスナー;536;GER;1940;1942;1990;1990;2;5;0;2;0;5;0;L536;1940;1947;x
7 ヘルマン・フォン・オッペルン＝ブロニコフスキ;537;GER;1945;1990;1990;1990;3;7;128;2;0;5;0;L537;1945;1960;x
6 カール・フォン・プフェファー＝ヴィルデンブルフ;538;GER;1939;1940;1943;1990;2;6;4;3;0;5;0;L538;1939;1960;x
5 ユルゲン・ワーグナー;539;GER;1945;1990;1990;1990;3;5;0;1;0;5;0;L539;1945;1947;x
6 テオドール・ヴィッシュ;540;GER;1942;1990;1990;1990;3;6;4;1;0;5;0;L540;1942;1960;x
5 ギュンター・ヴィスリツェニー;541;GER;1945;1990;1990;1990;3;5;1;1;0;5;0;L541;1945;1960;x
6 フリッツ・ヴィット;542;GER;1942;1990;1990;1990;3;6;128;1;0;5;0;L542;1942;1944;x
6 アウグスト・ツェーンダー;543;GER;1943;1990;1990;1990;3;6;1;1;0;5;0;L543;1943;1945;x
5 エドゥアルト・バルガー;544;GER;1937;1990;1990;1990;3;5;0;1;0;5;0;L544;1937;1939;x
6 オイゲン・バイヤー;545;GER;1930;1938;1939;1990;2;6;528;2;0;5;0;L545;1930;1940;x
5 カール・ボルネマン;546;GER;1938;1941;1990;1990;3;5;0;2;0;5;0;L546;1938;1960;x
5 カール・ブリッツェルマイヤー;547;GER;1944;1990;1990;1990;3;5;1;1;0;5;0;L547;1944;1960;x
7 カール・エグルゼアー;548;GER;1940;1943;1944;1990;3;7;256;3;0;5;0;L548;1940;1960;x
5 ロベルト・マイスナー;549;GER;1941;1942;1990;1990;3;5;0;2;0;5;0;L549;1941;1953;x
6 カール＝フリードリヒ・フォン・デア・メーデン;550;GER;1943;1944;1990;1990;2;6;128;2;0;5;0;L550;1943;1960;x
5 フェレンク・フェケテハルミー＝ツァイトナー;551;GER;1930;1944;1990;1990;2;5;514;2;0;3;0;L551;1944;1946;x
6 ヴァレンティン・フォイルシュタイン;552;GER;1938;1939;1941;1990;2;6;256;3;0;5;0;L552;1938;1960;x
6 エドムンド・グライゼ・フォン・ホルステナウ;553;GER;1938;1942;1990;1990;2;6;0;2;0;5;0;L553;1938;1946;x
5 ヨーゼフ・グラッシー;554;GER;1944;1990;1990;1990;3;5;0;1;0;5;0;L554;1944;1946;x
5 ジークフリート・マコールツ;555;GER;1940;1942;1990;1990;3;5;0;2;0;5;0;L555;1940;1960;x
5 エルンスト・ハマー;556;GER;1938;1940;1990;1990;3;5;32;2;0;5;0;L556;1938;1960;x
5 フリードリヒ・ハーゼルマイヤー;557;GER;1941;1943;1990;1990;3;5;512;2;0;5;0;L557;1941;1943;x
5 テオドール・ボールマン＝コンブリンク;558;GER;1943;1990;1990;1990;3;5;128;1;0;5;0;L558;1943;1956;x
5 アントン・キーンバウアー;559;GER;1938;1990;1990;1990;3;5;0;1;0;5;0;L559;1938;1945;x
5 ヴァルター・メルツァー ;560;GER;1943;1944;1945;1990;2;5;2;3;0;5;0;L560;1943;1960;x
5 ヨハン・クーベナ;561;GER;1930;1938;1990;1990;2;5;0;2;0;5;0;L561;1938;1940;x
5 アントン＝カール・ロンギン;562;GER;1943;1990;1990;1990;3;5;0;1;0;5;2;L562;1943;1960;x
7 アレクサンダー・レール;563;GER;1938;1939;1941;1990;1;7;16384;4;0;5;2;L563;1938;1960;x
7 フリードリヒ・マテルナ;564;GER;1938;1940;1990;1990;3;7;0;2;0;5;0;L564;1938;1946;x
6 ロベルト・マルティネク;565;GER;1941;1943;1990;1990;3;6;384;2;0;5;0;L565;1941;1960;x
5 ヨハン・ミクル;566;GER;1943;1944;1990;1990;3;5;0;2;0;5;0;L566;1943;1945;x
7 アルトゥール・フレプス;567;GER;1941;1942;1943;1990;2;7;4;3;0;5;0;L567;1942;1960;x
8 ローター・レンドゥリック;568;GER;1939;1941;1944;1990;2;8;12;4;0;5;0;L568;1939;1960;x
5 ハインリッヒ・フォン・ベール;569;GER;1938;1990;1990;1990;3;5;128;2;0;5;0;L569;1945;1960;x
5 オットー・ショーベル;570;GER;1941;1990;1990;1990;3;5;0;1;0;5;2;L570;1941;1960;x
6 アルブレヒト・シューベルト;571;GER;1930;1938;1940;1990;2;6;0;2;0;5;0;L571;1930;1960;x
6 オットー＝エルンスト・オッテンバッハー;572;GER;1939;1941;1990;1990;2;6;0;2;0;5;0;L572;1939;1960;x
4 アロイス・ヴェゼリ;573;GER;1938;1990;1990;1990;3;4;0;1;0;5;0;L573;1938;1960;x
4 フェリックス・フォーデップ;574;GER;1943;1990;1990;1990;3;4;0;1;0;5;2;L574;1943;1960;x
5 ルートヴィッヒ・フォン・アイマンスベルガー;575;GER;1930;1938;1990;1990;2;5;128;2;0;5;0;L575;1938;1943;x
6 アルフレート・フォン・フービキ;576;GER;1938;1940;1942;1990;2;6;128;4;0;5;0;L576;1938;1960;x
6 ハンス＝ウルリッヒ・バック;577;GER;1944;1990;1990;1990;3;6;128;2;0;5;0;L577;1944;1960;x
6 フランツ・バーケ;578;GER;1945;1990;1990;1990;3;6;128;2;0;5;0;L578;1945;1960;x
8 アンドレイ・ヴラソフ;579;GER;1930;1930;1942;1990;1;8;8;3;0;4;0;L579;1938;1960;x
6 ヴィルヘルム・アダム;580;GER;1930;1930;1939;1946;1;6;768;3;0;5;0;L580;1930;1960;x
5 エデュアルト・アルドリアン;581;GER;1942;1943;1990;1990;2;5;0;2;0;5;0;L581;1942;1955;x
5 ジョン・アンサット;582;GER;1940;1942;1990;1990;2;5;0;2;0;5;0;L582;1940;1960;x
7 ヴァルター・アスマン;583;GER;1944;1945;1990;1990;2;7;10;3;0;5;0;L583;1944;1960;x
5 グスタフ・アドルフ・アウフェンベルク＝コマロフ;584;GER;1942;1943;1990;1990;2;5;0;2;0;5;0;L584;1942;1970;x
5 アルブレヒト・バイアー;585;GER;1942;1943;1990;1990;2;5;1;2;0;5;0;L585;1942;1953;x
6 フランツ・バルクハウゼン;586;GER;1930;1938;1943;1990;2;6;64;3;0;5;0;L586;1930;1960;x
5 カール・ベッカー;587;GER;1930;1930;1990;1990;2;5;32;2;0;5;0;L587;1930;1940;x
6 フーゴ・バイスバンガー;588;GER;1943;1944;1990;1990;2;6;64;2;0;5;0;L588;1943;1960;x
5 ゲオルク・ベルトラム;589;GER;1930;1939;1946;1990;2;5;0;3;0;5;0;L589;1930;1960;x
7 ヘルムート・ボイケマン;590;GER;1942;1943;1990;1990;2;7;0;2;0;5;0;L590;1942;1960;x
6 ハンス・ベルゼン;591;GER;1944;1945;1990;1990;2;6;128;3;0;5;0;L591;1944;1960;x
6 フリッツ・ブラント;592;GER;1937;1940;1946;1990;2;6;66;3;0;5;0;L592;1937;1960;x
6 クルト・ブレネケ;593;GER;1939;1940;1942;1990;2;6;8;3;0;5;0;L593;1939;1960;x
5 ヴァルター・ビューレ;594;GER;1940;1942;1944;1990;3;5;1;2;0;5;0;L594;1940;1960;x
6 エルウィン・エンゲルブレヒト;595;GER;1939;1940;1942;1990;2;6;64;3;0;5;0;L595;1939;1960;x
5 ヴァルダマー・エルフルト;596;GER;1930;1930;1940;1990;2;5;512;2;0;5;0;L596;1930;1960;x
5 フリードリヒ・ファンゴール;597;GER;1943;1944;1945;1990;2;5;0;2;0;5;0;L597;1943;1956;x
6 マクシミリアン・フェルツマン;598;GER;1943;1945;1990;1990;3;6;2;2;0;5;0;L598;1943;1960;x
7 ヴァルター・フリース;599;GER;1943;1944;1945;1990;2;7;128;2;0;5;0;L599;1943;1960;x
5 マルティン・グラーゼ;600;GER;1941;1943;1944;1990;2;5;0;2;0;5;0;L600;1941;1960;x
8 アントン・グラッサー;601;GER;1942;1944;1945;1990;2;8;6;4;0;5;0;L601;1942;1960;x
5 ヴィルヘルム・フォン・アルトロック;602;GER;1940;1943;1990;1990;2;5;0;2;0;5;0;L602;1940;1952;x
5 ハンス・フォン・バッセ;603;GER;1940;1942;1990;1990;2;5;0;2;0;5;0;L603;1940;1960;x
6 カール・フォン・ベーレン;604;GER;1943;1944;1990;1990;2;6;16;2;0;5;0;L604;1943;1960;x
6 クルト・フォン・ベルク;605;GER;1938;1940;1946;1990;2;6;0;3;0;5;0;L605;1938;1960;x
7 ハンス・フォン・ボイネブルク＝ラングスフェルト;606;GER;1941;1942;1990;1990;2;7;128;2;0;5;0;L606;1941;1960;x
6 ヴェルナー・フォン・ブロンベルク;607;GER;1930;1930;1930;1930;0;6;4;3;0;5;0;L607;1930;1960;x
5 ルドルフ・フォン・ブナウ;608;GER;1940;1942;1944;1990;2;5;4;2;0;5;0;L608;1940;1960;x
7 フランツ・フォン・ダルビク・ツー・リヒテンフェルス;609;GER;1930;1930;1990;1990;2;7;516;2;0;5;0;L609;1930;1943;x
6 マキシマム・フォン・エーデルスハイム;610;GER;1943;1944;1945;1990;2;6;128;2;0;5;0;L610;1943;1960;x
7 ヴェルナー・フォン・フリッチュ;611;GER;1930;1930;1930;1990;1;7;4;2;0;3;0;L611;1930;1960;x
3 オスカー・フォン・ヒンデンブルク;612;GER;1930;1942;1990;1990;2;3;512;1;0;5;0;L612;1930;1960;x
5 モーティマー・フォン・ケッセル;613;GER;1942;1943;1945;1990;2;5;128;2;0;5;0;L613;1942;1960;x
6 ヴェルナー＝アルブレヒト・フォン・ウント・ツー・ギルザ;614;GER;1941;1942;1943;1990;2;6;4;2;0;5;0;L614;1941;1945;x
6 フリードリヒ・クリスティアンゼン;615;GER;1930;1940;1944;1990;2;6;1;3;0;5;0;L616;1930;1960;x
6 フリードリヒ・クリスティアンゼン;616;GER;1930;1937;1939;1990;2;6;0;3;0;5;2;L616;1930;1960;x
5 フェリックス・シュヴァルベ;617;GER;1942;1943;1945;1990;2;5;0;2;0;5;0;L617;1942;1960;x
6 グスタフ・ヘーネ;618;GER;1940;1942;1943;1990;1;6;3;3;0;5;0;L618;1940;1951;x
5 カール・プフラー;619;GER;1942;1943;1944;1990;3;5;3;2;0;5;0;L619;1942;1949;x
6 フリードリヒ＝アウグスト・シャック;620;GER;1943;1944;1945;1990;2;6;4;2;0;5;0;L620;1943;1960;x
7 エドウィン・フォン・ロートキルヒ・ウント・トラッハ;621;GER;1940;1942;1944;1990;2;7;5;2;0;5;0;L621;1940;1960;x
6 エーリヒ・ペーターゼン;622;GER;1940;1941;1942;1990;2;6;256;3;0;5;0;L622;1940;1960;x
5 ヘルムート・トゥーム;623;GER;1943;1944;1945;1990;2;5;0;2;0;5;0;L623;1943;1960;x
7 アレクサンダー・ヘレ;624;GER;1943;1944;1990;1990;2;7;16384;2;0;5;2;L624;1943;1960;x
6 カール＝エドゥアルト・ヴィルケ;625;GER;1944;1990;1990;1990;2;6;16384;2;0;5;2;L625;1944;1960;x
7 カール・ヘンチェル;626;GER;1944;1990;1990;1990;3;7;4096;1;0;5;2;L626;1944;1960;x
6 ジギスムント・フォン・ファルケンシュタイン;627;GER;1943;1990;1990;1990;3;6;16384;2;0;5;2;L627;1943;1960;x
6 ハンス・コルテ;628;GER;1943;1990;1990;1990;3;6;32768;1;0;5;2;L628;1943;1960;x
6 オットー・ヘーネ;629;GER;1944;1990;1990;1990;3;6;0;1;0;5;2;L629;1944;1960;x
6 マックス＝ヨーゼフ・イーベル;630;GER;1944;1990;1990;1990;3;6;4096;1;0;5;2;L630;1944;1960;x
6 ヨーゼフ・シュミット;631;GER;1943;1944;1990;1990;3;6;4096;2;0;5;2;L631;1943;1956;x
6 ヨハン・ジンフーバー;632;GER;1939;1941;1943;1990;2;6;2;2;0;5;0;L632;1939;1960;x
7 オットー・シュポンハイマー;633;GER;1939;1941;1990;1990;2;7;10;2;0;5;0;L633;1939;1960;x
7 ギュンター・アンゲルン;634;GER;1941;1943;1990;1990;3;7;128;2;0;5;0;L634;1941;1943;x
7 ハインリヒ・デボイ;635;GER;1941;1942;1990;1990;2;7;2;2;0;5;0;L635;1941;1955;x
5 オットー・ケーラーマン;636;GER;1942;1943;1990;1990;2;5;0;2;0;5;0;L636;1942;1960;x
5 エーリヒ・マグヌス;637;GER;1942;1990;1990;1990;3;5;0;1;0;5;0;L637;1942;1960;x
6 マックス・プフェファー;638;GER;1930;1939;1990;1990;2;6;4;2;0;5;0;L638;1930;1960;x
5 ハンス＝ヘルムート・プファイファー;639;GER;1939;1942;1990;1990;3;5;0;2;0;5;0;L639;1939;1945;x
6 カート・ガレンカンプ;640;GER;1938;1940;1942;1990;2;6;4;2;0;5;0;L640;1938;1958;x
6 バプテスト・クニース;641;GER;1938;1940;1990;1990;2;6;0;2;0;5;0;L641;1938;1960;x
5 フェルディナント・ノイリング;642;GER;1937;1940;1990;1990;2;5;4;2;0;5;0;L642;1937;1960;x
7 マルティン・フィービヒ;643;GER;1941;1942;1943;1990;2;7;4096;3;0;5;2;L643;1941;1947;x
7 ギュンター・コルテン;644;GER;1940;1942;1943;1990;2;7;16384;3;0;5;2;L644;1940;1944;x
5 アレクサンダー・アンドレー;645;GER;1938;1940;1943;1990;2;5;2;2;0;5;0;L645;1938;1960;x
5 モリッツ・アンドレーアス;646;GER;1939;1941;1990;1990;3;5;0;2;0;5;0;L646;1939;1960;x
5 クルト・アグリコラ;647;GER;1939;1943;1990;1990;2;5;0;3;0;5;0;L647;1939;1956;x
6 フランツ・アウアー;648;GER;1930;1943;1990;1990;2;6;528;2;0;5;0;L648;1930;1960;x
5 リヒャルト・バルツァー;649;GER;1930;1939;1990;1990;2;5;0;2;0;5;0;L649;1930;1945;x
5 フリードリヒ・バイエル;650;GER;1938;1940;1990;1990;2;5;0;2;0;5;0;L650;1938;1960;x
5 ヴィルヘルム・ベーレンス;651;GER;1942;1944;1990;1990;2;5;0;2;0;5;0;L651;1942;1960;x
7 ヴァルター・ベーシュニット;652;GER;1937;1940;1990;1990;2;7;0;2;0;5;0;L652;1937;1955;x
4 フリードリヒ・ベルンハルト;653;GER;1940;1942;1990;1990;2;4;0;2;0;5;0;L653;1940;1960;x
5 ピーター・ビールフェルト;654;GER;1940;1942;1990;1990;2;5;0;2;0;5;0;L654;1940;1960;x
5 パウル・ビース;655;GER;1939;1942;1990;1990;3;5;0;2;0;5;0;L655;1939;1943;x
4 オットー・ビットホルン;656;GER;1930;1930;1990;1990;2;4;512;1;0;5;0;L656;1930;1937;x
7 ヨハネス・ブロック;657;GER;1942;1943;1944;1990;1;7;4;3;0;5;0;L657;1942;1945;x
6 オスカー・ブルム;658;GER;1938;1940;1990;1990;2;6;0;2;0;5;0;L658;1938;1960;x
5 フェルディナンド・ボック・フォン・ヴルフィンゲン;659;GER;1930;1938;1990;1990;2;5;514;2;0;5;0;L659;1930;1942;x
5 アルトゥル・ボルツェ;660;GER;1930;1941;1990;1990;2;5;0;2;0;5;0;L660;1930;1942;x
6 ウォルフ・ボイゼン;661;GER;1939;1942;1990;1990;2;6;1;2;0;5;0;L661;1939;1960;x
6 フリードリヒ・ヴィルヘルム・ブラント;662;GER;1930;1930;1930;1990;1;6;576;1;0;5;0;L662;1930;1937;x
5 ゲオルク・ブラント;663;GER;1930;1930;1940;1990;1;5;4;2;0;5;0;L663;1930;1939;x
6 フリードリヒ・ブレマー;664;GER;1937;1938;1990;1990;2;6;4;2;0;5;0;L664;1937;1960;x
7 ヴァルター・ブラーマー;665;GER;1930;1941;1942;1990;1;7;4;3;0;5;0;L665;1930;1955;x
4 カール・ブルクハルト;666;GER;1940;1942;1990;1990;2;4;0;2;0;5;0;L666;1940;1946;x
6 エーリッヒ・ブッシェンハーゲン;667;GER;1941;1943;1944;1990;1;6;1;3;0;5;0;L667;1941;1960;x
6 ヘルマン・ボットヒャー;668;GER;1930;1939;1990;1990;2;6;16;2;0;5;0;L668;1930;1960;x
6 フリッツ・ブクス;669;GER;1937;1939;1990;1990;2;6;0;2;0;5;0;L669;1937;1960;x
6 ヴァルター・ブクス;670;GER;1930;1941;1946;1990;2;6;0;3;0;5;0;L670;1930;1960;x
5 エーリッヒ・ブッシャー;671;GER;1944;1990;1990;1990;3;5;0;1;0;5;0;L671;1944;1960;x
5 ゲオルク・カルプ;672;GER;1938;1942;1990;1990;2;5;0;2;0;5;0;L672;1938;1946;x
6 フリードリヒ・フォン・コッヘンハウゼン;673;GER;1930;1930;1940;1990;1;6;4;2;0;5;0;L673;1930;1946;x
6 エドゥアルド・クラーゼマン;674;GER;1943;1944;1945;1990;1;6;192;3;0;5;0;L674;1943;1960;x
5 ハインリヒ・クルツェ;675;GER;1930;1942;1990;1990;3;5;516;2;0;5;0;L675;1930;1942;x
6 ルネ・ド・ロム・ド・クールビエール;676;GER;1938;1940;1990;1990;2;6;0;2;0;5;0;L676;1938;1960;x
5 マルティン・デーメル;677;GER;1939;1941;1990;1990;2;5;0;2;0;5;0;L677;1939;1960;x
6 エーリッヒ・デネケ;678;GER;1937;1939;1990;1990;2;6;0;2;0;5;0;L678;1937;1960;x
6 マックス・デネルライン;679;GER;1938;1940;1990;1990;2;6;32;2;0;2;0;L679;1938;1947;x
6 ロルフ・デトメーリンク;680;GER;1938;1941;1990;1990;2;6;0;2;0;5;0;L680;1938;1960;x
5 フリードリヒ・ディーム;681;GER;1940;1942;1990;1990;2;5;0;2;0;5;0;L681;1940;1955;x
7 ベニグヌース・ディッポルト;682;GER;1939;1941;1990;1990;2;7;4;2;0;5;0;L682;1939;1960;x
5 クルト・ディットマー;683;GER;1940;1942;1990;1990;2;5;32;2;0;5;0;L683;1940;1959;x
5 ヴィルヘルム・ドロガント;684;GER;1939;1941;1990;1990;2;5;0;2;0;5;0;L684;1939;1947;x
5 ハインリヒ・ドーラ;685;GER;1930;1941;1990;1990;2;5;0;2;0;5;0;L685;1930;1946;x
6 ヴァルター・デュヴェール;686;GER;1941;1943;1990;1990;2;6;128;2;0;5;0;L686;1941;1945;x
5 クルト・エーベリング;687;GER;1942;1944;1990;1990;2;5;0;2;0;5;0;L687;1942;1960;x
6 フリードリヒ・エーベルハルト;688;GER;1939;1941;1990;1990;3;6;0;2;0;5;0;L688;1939;1960;x
5 ルネ・エーベルレ;689;GER;1941;1943;1990;1990;2;5;32;2;0;5;0;L689;1941;1960;x
5 カール・エーベルト;690;GER;1930;1930;1942;1990;2;5;512;2;0;5;0;L690;1930;1943;x
5 ヴァルター・エクシュタイン;691;GER;1938;1942;1990;1990;2;5;32;2;0;5;0;L691;1938;1960;x
5 テオドール・エントレス;692;GER;1930;1930;1942;1990;2;5;514;2;0;5;0;L692;1930;1943;x
7 グスタフ・フェーン;693;GER;1940;1942;1943;1990;1;7;128;3;0;5;0;L693;1940;1960;x
5 ハンス・ファイゲ;694;GER;1930;1930;1940;1990;2;5;4;2;0;5;0;L694;1930;1942;x
5 エーリヒ・フェルギーベル;695;GER;1938;1940;1941;1990;1;5;0;3;0;4;0;L695;1938;1960;x
5 アルバート・フェット;696;GER;1930;1930;1990;1990;2;5;513;1;0;5;0;L696;1930;1942;x
5 ヘルベルト・フィッシャー;697;GER;1930;1930;1937;1990;2;5;512;2;0;5;0;L697;1930;1937;x
5 クルト・フィッシャー;698;GER;1930;1941;1990;1990;2;5;512;2;0;5;0;L698;1930;1943;x
8 ヴォルフガング・フィッシャー;699;GER;1941;1942;1943;1990;2;8;128;3;0;5;0;L699;1941;1946;x
5 ヴォルフガング・フレック;700;GER;1930;1930;1930;1990;2;5;512;2;0;5;0;L700;1930;1939;x
6 エーリヒ・フリデリツィ;701;GER;1930;1937;1939;1990;1;6;0;2;0;5;0;L701;1930;1955;x
6 オットー・フレッター＝ピコ;702;GER;1943;1944;1990;1990;2;6;0;2;0;5;0;L702;1943;1960;x
5 ルドルフ・フリードリヒ;703;GER;1940;1942;1990;1990;2;5;0;2;0;5;0;L703;1940;1945;x
5 クリスティアン・フリードリヒ＝ヴィリヒ;704;GER;1939;1940;1990;1990;3;5;0;2;0;5;0;L704;1939;1942;x
4 ロベルト・フクス;705;GER;1943;1990;1990;1990;3;4;0;1;0;5;0;L705;1943;1960;x
6 オットー・ガプケ;706;GER;1936;1941;1990;1990;3;6;0;2;0;5;0;L706;1936;1942;x
5 ヴィクトール・ガイサート;707;GER;1940;1942;1990;1990;2;5;0;2;0;5;0;L707;1940;1943;x
5 テォフィル・ゴーティエ;708;GER;1938;1941;1990;1990;2;5;0;2;0;5;2;L708;1938;1944;x
7 テオドール・ガイプ;709;GER;1937;1939;1942;1990;1;7;2;3;0;5;0;L709;1937;1944;x
5 ヘルベルト・ガイトナー;710;GER;1939;1941;1990;1990;3;5;1;2;0;5;0;L710;1939;1942;x
5 フリードリヒ・ゲンテ;711;GER;1930;1941;1990;1990;2;5;640;2;0;5;0;L711;1930;1943;x
6 ヒューバート・ゲルケ;712;GER;1930;1930;1937;1990;1;6;0;2;0;5;0;L712;1930;1942;x
6 ルドルフ・ゲルケ;713;GER;1939;1940;1942;1990;2;6;1;2;0;5;0;L713;1939;1947;x
5 パウル・ゲルハルト;714;GER;1937;1941;1990;1990;2;5;0;3;0;5;0;L714;1939;1953;x
5 ヨーゼフ・ゲルストマン;715;GER;1944;1990;1990;1990;3;5;4;1;0;5;0;L715;1944;1960;x
4 ウィリー・ギムラー;716;GER;1941;1943;1990;1990;3;4;0;2;0;5;0;L716;1941;1960;x
6 ヴァルター・グライニンガー;717;GER;1944;1990;1990;1990;3;6;0;1;0;5;0;L717;1944;1960;x
6 カール・グラーフ;718;GER;1930;1941;1990;1990;2;6;512;2;0;5;0;L718;1930;1944;x
5 テオドール・グロッペ;719;GER;1937;1939;1990;1990;2;5;0;2;0;5;0;L719;1937;1960;x
6 オットー・グリューン;720;GER;1930;1930;1937;1990;1;6;2;2;0;5;0;L720;1930;1944;x
5 エーリヒ・グドヴィウス;721;GER;1930;1939;1990;1990;2;5;640;2;0;5;0;L721;1930;1942;x
6 コンラート・グール;722;GER;1930;1930;1990;1990;2;6;512;1;0;5;0;L722;1930;1942;x
5 エルンスト・グンツェル;723;GER;1939;1941;1990;1990;2;5;0;2;0;5;0;L723;1939;1943;x
5 パウル・ゴルトナー;724;GER;1930;1990;1990;1990;3;5;516;1;0;5;0;L724;1930;1941;x
6 ヴェルナー・ゴリッツ;725;GER;1941;1943;1990;1990;3;6;0;2;0;5;0;L725;1941;1958;x
5 エルンスト・ゴトケ;726;GER;1930;1940;1990;1990;2;5;0;2;0;5;0;L726;1930;1950;x
6 コンラート・ハーゼ;727;GER;1940;1942;1990;1990;3;6;1;2;0;5;0;L727;1940;1960;x
4 ハンス・ハルム;728;GER;1930;1930;1940;1990;1;4;0;2;0;5;2;L728;1930;1938;x
6 エリック・ハンゼン;729;GER;1937;1939;1940;1990;1;6;2;3;0;5;0;L729;1937;1960;x
5 カール・ハンゼン;730;GER;1930;1930;1990;1990;2;5;513;2;0;5;0;L730;1930;1944;x
6 オットー・ハルトマン;731;GER;1930;1938;1940;1990;1;6;64;3;0;5;0;L731;1930;1960;x
2 クルト・ハルトビヒ;732;GER;1942;1990;1990;1990;3;2;512;1;0;5;0;L732;1942;1943;x
6 エドゥアルト・ハウザー;733;GER;1943;1944;1990;1990;2;6;128;2;0;5;0;L733;1943;1960;x
5 ヴォルフガング・ハウザー;734;GER;1942;1945;1990;1990;2;5;0;2;0;5;0;L734;1942;1960;x
5 ハンス・ヘーベルライン;735;GER;1939;1941;1990;1990;2;5;0;2;0;5;0;L735;1939;1960;x
6 エーリヒ・ハイネマン;736;GER;1930;1938;1944;1990;1;6;64;3;0;5;0;L736;1930;1947;x
6 コンラート＝オスカー・ハインリクス;737;GER;1942;1943;1990;1990;3;6;8;2;0;5;0;L737;1942;1944;x
5 カール・ヘルト;738;GER;1930;1930;1990;1990;2;5;512;1;0;5;0;L738;1930;1943;x
5 ゲルラッハ＝ハンス・ヘメリヒ;739;GER;1939;1941;1990;1990;3;5;512;2;0;5;0;L739;1939;1960;x
5 フリッツ・ヘンゲン;740;GER;1930;1941;1990;1990;2;5;0;2;0;5;0;L740;1930;1955;x
8 ジークフリート・ヘンリツィ;741;GER;1939;1941;1943;1990;1;8;128;3;0;5;0;L741;1939;1960;x
6 アドルフ・ヘルゴット;742;GER;1930;1941;1990;1990;2;6;514;2;0;5;0;L742;1930;1943;x
6 フリードリヒ・ヘルライン;743;GER;1941;1942;1944;1990;1;6;2;3;0;5;0;L743;1941;1960;x
5 ペーター・ヘルマン;744;GER;1937;1940;1990;1990;2;5;514;2;0;5;0;L744;1937;1945;x
5 イワン・ホイナート;745;GER;1938;1940;1990;1990;2;5;0;2;0;5;0;L745;1938;1944;x
6 ヴィルヘルム・ハイエ;746;GER;1930;1930;1930;1990;1;6;513;2;0;5;0;L746;1930;1938;x
5 パウル・ヒールシャー;747;GER;1930;1942;1990;1990;2;5;0;2;0;5;0;L747;1930;1944;x
6 クルト・ヒマー;748;GER;1939;1941;1990;1990;3;6;0;2;0;5;0;L748;1939;1942;x
6 ヴァルター・ヒンクホーファー;749;GER;1939;1941;1990;1990;2;6;0;2;0;5;0;L749;1939;1945;x
6 フリードリヒ・ホッホバウム;750;GER;1942;1943;1944;1990;1;6;1;3;0;5;0;L750;1942;1960;x
6 エドムント・ホフマイスター;751;GER;1943;1944;1990;1990;2;6;2;2;0;5;0;L751;1943;1960;x
6 エーリヒ・ホフマン;752;GER;1941;1943;1990;1990;2;6;0;2;0;5;0;L752;1941;1960;x
5 マックス・ホルン;753;GER;1939;1941;1990;1990;2;5;0;2;0;5;0;L753;1939;1960;x
7 ヘルムート・フフマン;754;GER;1942;1943;1990;1990;2;7;0;2;0;5;0;L754;1942;1960;x
5 エーリヒ・ホッカー;755;GER;1941;1942;1990;1990;2;5;0;2;0;5;0;L755;1941;1948;x
6 フーゴ・ホーフル;756;GER;1939;1941;1990;1990;2;6;0;2;0;5;0;L756;1939;1943;x
5 ヘルマン・ヘクナー;757;GER;1938;1941;1990;1990;2;5;0;2;0;5;0;L757;1938;1960;x
7 ヴァルター・ホルンライン;758;GER;1942;1943;1944;1990;1;7;2;3;0;5;0;L758;1942;1960;x
5 ヴェルナー・ヒューナー;759;GER;1941;1943;1990;1990;2;5;2;2;0;5;0;L759;1941;1960;x
5 アドルフ・フットマン;760;GER;1940;1941;1990;1990;2;5;512;2;0;5;0;L760;1940;1943;x
6 クルト・ヤーン;761;GER;1939;1940;1944;1990;1;6;64;3;0;5;0;L761;1939;1960;x
5 アーノ・ヤール;762;GER;1940;1942;1990;1990;3;5;32;2;0;5;0;L762;1940;1943;x
4 アドルフ・ヤンセン;763;GER;1930;1941;1990;1990;2;4;512;2;0;5;0;L763;1930;1943;x
7 エーリヒ・ヤシュケ;764;GER;1942;1943;1944;1990;1;7;4;3;0;5;0;L764;1942;1960;x
7 エルンスト・カビッシュ;765;GER;1930;1930;1939;1990;1;7;544;2;0;5;0;L765;1930;1944;x
6 ハンス・カメケ;766;GER;1941;1990;1990;1990;3;6;64;1;0;5;0;L766;1941;1943;x
5 フリードリヒ・カルマン;767;GER;1930;1930;1990;1990;2;5;0;1;0;5;0;L767;1930;1939;x
5 フリードリヒ・カルスト;768;GER;1942;1943;1990;1990;2;5;0;2;0;5;0;L768;1942;1960;x
5 ヤコブ・カスパー;769;GER;1930;1942;1990;1990;3;5;513;2;0;5;0;L769;1930;1942;x
6 ゲルハルト・カウフマン;770;GER;1939;1941;1990;1990;3;6;0;2;0;5;0;L770;1939;1943;x
5 グスタフ・カイム;771;GER;1930;1942;1990;1990;2;5;512;2;0;5;0;L771;1930;1943;x
7 ヴァルター・カイナー;772;GER;1938;1940;1943;1990;1;7;2;3;0;5;0;L772;1938;1960;x
6 ボドウィン・カイテル;773;GER;1938;1940;1941;1990;1;6;2;3;0;5;0;L773;1938;1953;x
3 エーリヒ・クレスマン;774;GER;1942;1944;1990;1990;2;3;0;1;0;5;0;L774;1942;1945;x
5 ルドルフ・カンプフェ;775;GER;1930;1938;1941;1990;2;5;2;3;0;5;0;L775;1930;1960;x
5 ヴァルター・ラックナー;776;GER;1940;1942;1990;1990;2;5;256;2;0;5;0;L776;1940;1960;x
4 ヘルマン・メルティッチュ;777;GER;1940;1942;1990;1990;2;4;512;2;0;5;0;L777;1940;1945;x
6 ロベルト・ピストリウス;778;GER;1941;1943;1990;1990;3;6;4;2;0;5;0;L778;1941;1944;x
8 ヘルマン・レックナーゲル;779;GER;1942;1943;1944;1990;1;8;0;3;0;5;0;L779;1942;1970;x
6 ハンス＝ヴォルフガング・ラインハルト;780;GER;1937;1939;1940;1990;1;6;2;3;0;5;0;L780;1937;1950;x
8 ヴィルヘルム・シュマルツ;781;GER;1944;1945;1990;1990;2;8;384;2;0;5;0;L781;1944;1960;x
5 カール＝ロタール・シュルツ;782;GER;1945;1990;1990;1990;3;5;256;1;0;5;0;L782;1945;1960;x
6 ヴィリバルト・シュパング;783;GER;1939;1942;1990;1990;2;6;0;2;0;5;2;L783;1939;1960;x
5 クルト・シュトイデマン;784;GER;1939;1941;1990;1990;3;5;0;2;0;5;0;L784;1939;1951;x
6 オスカー・ファン・ギンケル;785;GER;1930;1941;1990;1990;2;6;32;2;0;5;0;L785;1930;1960;x
7 ヘルムート・フォルクマン;786;GER;1930;1938;1939;1990;1;7;4;3;0;5;0;L786;1930;1940;x
6 ヨアヒム・フォン・アムスベルク;787;GER;1930;1930;1930;1990;1;6;640;1;0;5;0;L787;1930;1943;x
5 ゲオルク・フォン・アペル;788;GER;1930;1938;1990;1990;2;5;0;2;0;5;0;L788;1930;1945;x
6 ヴィルヘルム・フォン・アペル;789;GER;1941;1943;1990;1990;2;6;128;1;0;5;0;L789;1941;1960;x
7 フォン・ベレント;790;GER;1930;1930;1930;1990;1;7;514;2;0;5;0;L790;1930;1944;x
6 ヴァルター・フォン・ベルクマン;791;GER;1930;1930;1930;1990;1;6;516;1;0;5;0;L791;1930;1942;x
7 ヨハン・アルブレヒト・フォン・ブリュッヒャー;792;GER;1942;1990;1990;1990;3;7;8;1;0;5;0;L792;1942;1960;x
5 カール＝アドルフ・フォン・ボーデッカー;793;GER;1945;1990;1990;1990;3;5;32;1;0;5;0;L793;1945;1960;x
7 エーリヒ・フォン・ボニン;794;GER;1930;1930;1990;1990;2;7;512;1;0;5;0;L794;1930;1942;x
5 エーリッヒ・フォン・ボッツハイム;795;GER;1930;1930;1990;1990;2;5;520;1;0;5;0;L795;1930;1945;x
5 フリッツ・フォン・ブロドフスキ;796;GER;1937;1941;1990;1990;2;5;0;2;0;5;0;L796;1937;1944;x
5 フリードリヒ・フォン・ブッフ;797;GER;1943;1990;1990;1990;3;5;0;1;0;5;0;L797;1943;1960;x
6 ゲオルク・ブラウン;798;GER;1939;1990;1990;1990;3;6;4;3;0;5;0;L798;1939;1941;x
6 フリードリヒ・フォン・ボッティヒャー;799;GER;1930;1930;1940;1990;1;6;64;2;0;5;0;L799;1930;1960;x
6 フリードリヒ・フォン・シャピュイ;800;GER;1938;1940;1941;1990;2;6;2;3;0;5;0;L800;1938;1942;x
3 ガストン・フォン・ショーラン＝エーゲルスベルク;801;GER;1941;1943;1990;1990;2;3;0;1;0;5;0;L801;1941;1960;x
5 コンラート・フォン・コッヘンハウゼン;802;GER;1937;1938;1990;1990;2;5;32;2;0;5;0;L802;1937;1941;x
5 コンラート・フォン・ツェトリッツ・ウント・ノイハウス;803;GER;1943;1990;1990;1990;3;5;0;1;0;5;0;L803;1943;1946;x
5 エーリヒ・フォン・デム・ブッシェ＝イッペンブルク;804;GER;1930;1930;1930;1990;1;5;576;1;0;5;0;L804;1930;1941;x
5 ヴォルフガング・フォン・ディットフルト;805;GER;1940;1941;1990;1990;2;5;32;2;0;5;0;L805;1939;1942;x
4 ハンス・フォン・ドナート;806;GER;1941;1944;1990;1990;2;4;32;2;0;5;0;L806;1941;1960;x
5 ヴィクトール・フォン・ドラビヒ＝ヴェヒター;807;GER;1940;1942;1990;1990;2;5;0;2;0;5;0;L807;1940;1944;x
3 イェネ・フォン・エーガン＝クリーガー;808;GER;1940;1942;1990;1990;2;3;1;1;0;5;0;L808;1940;1944;x
4 フランツ・フォン・エップ;809;GER;1930;1930;1930;1990;1;4;513;1;0;5;0;L809;1930;1960;x
6 ヴェルナー・フォン・エルトマンスドルフ;810;GER;1942;1943;1945;1990;2;6;2;3;0;5;0;L810;1942;1960;x
5 ギュンター・パーパ;811;GER;1945;1990;1990;1990;3;5;2;2;0;5;0;L811;1945;1960;x
5 モーリッツ・フォン・ファバー・ド・フォーレ;812;GER;1937;1939;1990;1990;2;5;32;2;0;5;0;L812;1937;1944;x
5 ルートヴィッヒ・フォン・ギーナント;813;GER;1930;1930;1940;1990;1;5;0;2;0;5;0;L813;1930;1943;x
5 ヘルマン・フォン・ギンボルン;814;GER;1930;1930;1990;1990;2;5;544;1;0;5;0;L814;1930;1942;x
5 カール・フォン・グラフェン;815;GER;1942;1943;1990;1990;2;5;0;2;0;5;0;L815;1942;1960;x
5 クルト・フォン・グライフ;816;GER;1930;1930;1940;1990;1;5;513;2;0;5;0;L816;1930;1942;x
5 ギュンター・フォン・ハマーシュタイン＝エクヴォルト;817;GER;1930;1930;1990;1990;2;5;4;2;0;5;0;L817;1930;1944;x
5 パウル・フォン・ハーゼ;818;GER;1938;1940;1990;1990;2;5;1;2;0;5;0;L818;1938;1944;x
5 ブルーノ・フォン・ハウエンシルト;819;GER;1942;1944;1990;1990;2;5;128;2;0;5;0;L819;1942;1953;x
7 ヨーゼフ・ブラウナー・フォン・ハイドリンゲン;820;GER;1939;1941;1990;1990;2;7;0;2;0;2;0;L820;1939;1954;x
7 ゲオルク・フォン・ヘングル;821;GER;1942;1943;1944;1990;1;7;256;3;0;5;0;L821;1942;1952;x
4 ハンス＝クリストフ・フォン・ハイデブラント・ウント・ラーザ;822;GER;1941;1990;1990;1990;3;4;4;1;0;5;0;L822;1941;1942;x
5 アントン・フォン・ヒルシュベルク;823;GER;1930;1930;1990;1990;2;5;544;1;0;5;0;L823;1930;1940;x
5 エルンスト・フォン・ホルスティヒ・ドビニー・フォン・エンゲルブルナー;824;GER;1942;1990;1990;1990;3;5;0;1;0;5;0;L824;1942;1960;x
6 クルト・フォン・イェッサー;825;GER;1942;1990;1990;1990;3;6;0;1;0;5;0;L825;1942;1950;x
5 ヒューゴ・フォン・カイザー;826;GER;1930;1930;1930;1990;1;5;512;2;0;5;0;L826;1930;1941;x
6 ハンス・フォン・ケンプスキ;827;GER;1930;1941;1946;1990;2;6;0;3;0;5;0;L827;1930;1942;x
6 フリードリヒ・フォン・キーファー;828;GER;1930;1942;1990;1990;3;6;544;2;0;5;0;L828;1930;1942;x
5 ブルーノ・フォン・キースリング・アウフ・キースリングシュタイン;829;GER;1930;1941;1990;1990;2;5;513;2;0;5;0;L829;1930;1943;x
5 ゲブハルト・フォン・コッツェ;830;GER;1939;1940;1990;1990;2;5;0;2;0;5;2;L830;1939;1942;x
7 ハンス＝ホルスト・フォン・ネッカー;831;GER;1945;1990;1990;1990;3;7;384;1;0;5;0;L831;1945;1960;x
6 フリードリヒ・フォン・ラーベナウ;832;GER;1930;1937;1940;1990;1;6;2;3;0;5;0;L832;1930;1945;x
6 カール・フォン・ロック;833;GER;1930;1938;1941;1990;1;6;0;3;0;5;0;L833;1930;1943;x
5 ルートヴィッヒ・フォン・シュレーダー;834;GER;1930;1937;1939;1990;1;5;512;2;0;5;0;L834;1930;1941;x
6 オットー・フォン・シュテルプナーゲル;835;GER;1930;1930;1940;1990;1;6;0;2;0;5;0;L835;1930;1947;x
6 ウォルデマー・フォン・ウント・ツー・グローテ;836;GER;1937;1939;1990;1990;2;6;0;3;0;5;0;L836;1937;1942;x
5 ハインリヒ・フォン・ロイス;837;GER;1943;1990;1990;1990;3;5;0;1;0;5;0;L837;1943;1944;x
6 オットー・バッケンケーラー;838;GER;1940;1942;1943;1990;1;6;2048;3;0;5;1;L838;1940;1960;x
6 カール・バルテンバッハ;839;GER;1938;1939;1990;1990;2;6;512;2;0;5;1;L839;1938;1943;x
7 マックス・バスティアン;840;GER;1930;1930;1938;1990;1;7;0;3;0;5;1;L840;1930;1944;x
6 フランツ・クラーゼン;841;GER;1930;1990;1990;1990;3;6;0;1;0;5;1;L841;1930;1942;x
4 ヴァルター・ドーゼ;842;GER;1942;1990;1990;1990;3;4;0;1;0;5;1;L842;1942;1960;x
6 エドゥアルト・アイヘル;843;GER;1930;1930;1990;1990;2;6;512;1;0;5;1;L843;1930;1942;x
6 ヴァルター・ファーバー;844;GER;1940;1990;1990;1990;3;6;8704;1;0;5;1;L844;1940;1945;x
6 パウル・ファンガー;845;GER;1938;1940;1942;1990;1;6;8192;3;0;5;1;L845;1938;1945;x
5 ハンス・フェヒター;846;GER;1930;1937;1939;1990;2;5;512;2;0;5;1;L846;1930;1940;x
6 オットー・ファイゲ;847;GER;1930;1930;1941;1990;2;6;0;2;0;5;1;L847;1930;1942;x
6 フリードリヒ・フライシャー;848;GER;1939;1941;1942;1990;1;6;8192;3;0;5;1;L848;1939;1945;x
4 ヴァルター・フランツ;849;GER;1930;1930;1990;1990;2;4;4608;1;0;5;1;L849;1930;1944;x
6 クルト・フリッケ;850;GER;1939;1941;1942;1990;1;6;1024;4;0;5;1;L850;1939;1945;x
6 ヴェルナー・フクス;851;GER;1938;1940;1942;1990;1;6;0;3;0;5;1;L851;1938;1960;x
6 ヴァルター・グラディッシュ;852;GER;1930;1930;1941;1990;2;6;8704;2;0;5;1;L852;1930;1942;x
5 ヴェルナー・グラスマン;853;GER;1937;1940;1990;1990;2;5;0;2;0;5;1;L853;1937;1943;x
6 ゴットフリート・ハンゼン;854;GER;1930;1930;1941;1990;1;6;512;2;0;5;1;L854;1930;1943;x
5 パウル・ホーニケ;855;GER;1930;1990;1990;1990;3;5;512;1;0;5;1;L855;1930;1943;x
5 ヴァルター・イーゼンダール;856;GER;1930;1990;1990;1990;3;5;512;1;0;5;1;L856;1930;1943;x
7 エルンスト・クラッツェンベルク;857;GER;1943;1990;1990;1990;3;7;1024;2;0;5;1;L857;1943;1960;x
5 ギュンター・クラウゼ;858;GER;1939;1942;1990;1990;2;5;0;2;0;5;1;L858;1939;1945;x
4 マックスキューネ;859;GER;1930;1990;1990;1990;3;4;0;1;0;5;1;L859;1930;1942;x
5 オットー・カーラー;860;GER;1943;1990;1990;1990;3;5;8192;1;0;5;1;L860;1943;1960;x
6 オイゲン・リンダウ;861;GER;1930;1937;1941;1990;2;6;0;3;0;5;1;L861;1930;1942;x
5 ヴァルター＝ゲオルク・ローマン;862;GER;1940;1942;1990;1990;2;5;0;2;0;5;1;L862;1940;1955;x
6 フリードリヒ・リュッツォー;863;GER;1939;1943;1990;1990;2;6;512;2;0;5;1;L863;1939;1950;x
5 ブルーノ・マーヘンス;864;GER;1942;1944;1990;1990;2;5;0;2;0;5;1;L864;1942;1960;x
5 ヴィルヘルム・メーントゼン＝ベールケン;865;GER;1943;1944;1990;1990;2;5;0;2;0;5;1;L865;1943;1960;x
6 ハインツ＝エドゥアルト・メンヘ;866;GER;1930;1990;1990;1990;3;6;2560;1;0;5;1;L866;1930;1944;x
5 ラウル・メヴィス;867;GER;1937;1939;1940;1990;2;5;0;3;0;5;1;L867;1937;1943;x
4 アレクサンダー・ミヘルス;868;GER;1941;1943;1990;1990;2;4;0;2;0;5;1;L868;1941;1960;x
2 フリッツ・ニーマント;869;GER;1941;1990;1990;1990;3;2;512;1;0;5;1;L869;1941;1943;x
6 ハインツ・ノルトマン;870;GER;1941;1943;1990;1990;2;6;0;2;0;5;1;L870;1941;1960;x
5 ヴィルヘルム・プレンツェル;871;GER;1930;1930;1938;1990;1;5;0;2;0;5;1;L871;1930;1944;x
6 クルト・ラミーン;872;GER;1937;1990;1990;1990;3;6;0;1;0;5;1;L872;1937;1939;x
7 オットー・シュルツェ;873;GER;1930;1930;1930;1942;1;7;4608;2;0;5;1;L873;1930;1943;x
5 アーダルベルト・シュスラー;874;GER;1939;1942;1990;1990;2;5;0;2;0;5;1;L874;1939;1945;x
4 フリードリヒ・シュタルケ;875;GER;1930;1990;1990;1990;3;4;0;1;0;5;1;L875;1930;1941;x
2 エルンスト・シュティーリンガー;876;GER;1940;1942;1990;1990;2;2;512;1;0;5;1;L876;1940;1960;x
4 ハンス＝ヘルベルト・シュトープヴァッサー;877;GER;1930;1930;1990;1990;2;4;8192;1;0;5;1;L877;1930;1943;x
7 ヴェルナー・ティレセン;878;GER;1930;1930;1930;1990;1;7;0;2;0;5;1;L878;1930;1944;x
5 クルト・ウトケ;879;GER;1942;1944;1990;1990;2;5;8192;2;0;5;1;L879;1942;1960;x
5 クルト・フォン・デム・ボルネ;880;GER;1940;1942;1990;1990;2;5;0;2;0;5;1;L880;1940;1944;x
5 エルンスト・フォン・ガーゲルン;881;GER;1930;1930;1941;1990;2;5;512;2;0;5;1;L881;1930;1942;x
5 ヘイーノ・フォン・ハインブルク;882;GER;1939;1942;1990;1990;2;5;0;2;0;5;1;L882;1939;1943;x
3 ハインツ・フォン・ヘニング;883;GER;1930;1990;1990;1990;3;3;512;1;0;5;1;L883;1930;1946;x
6 ヴィリィ・フォン・ノルデック;884;GER;1930;1937;1940;1990;1;6;1024;3;0;5;1;L884;1930;1943;x
4 ヘルマン・フォン・ザルツァ;885;GER;1939;1990;1990;1990;3;4;0;1;0;5;1;L885;1939;1940;x
7 オットー・フォン・シュラーダー;886;GER;1937;1939;1942;1990;1;7;8192;3;0;5;1;L886;1937;1960;x
5 ルートヴィッヒ・フォン・シュレーダー;887;GER;1930;1937;1990;1990;2;5;0;2;0;5;1;L887;1930;1960;x
5 ハンス＝ヘルマン・フォン・シュヴァイニッツ・ウント・クライン・ツー・クラウダー;888;GER;1941;1990;1990;1990;3;5;512;1;0;5;1;L888;1941;1959;x
5 ティーロ・フォン・ゼーバッハ;889;GER;1938;1941;1990;1990;2;5;0;2;0;5;1;L889;1938;1960;x
6 クレマー・フォン・トロータ;890;GER;1942;1990;1990;1990;3;6;1024;1;0;5;1;L890;1942;1960;x
8 ヴァルター・ヴァルツェカ;891;GER;1938;1941;1942;1944;0;8;8192;4;0;5;1;L891;1938;1960;x
5 エルウィン・ヴァスナー;892;GER;1930;1990;1990;1990;3;5;0;1;0;5;1;L892;1930;1937;x
4 アレクサンダー・ヴェルト;893;GER;1930;1930;1990;1990;2;4;512;1;0;5;1;L893;1930;1942;x
5 エルンスト・ヴォルフ;894;GER;1930;1941;1990;1990;2;5;0;2;0;5;1;L894;1930;1942;x
3 カール＝フリードリヒ・ヴォランケ;895;GER;1941;1990;1990;1990;3;3;512;1;0;5;1;L895;1941;1943;x
6 ハンス・ヴルムバッハ;896;GER;1940;1942;1944;1990;1;6;8192;3;0;5;1;L896;1940;1960;x
6 パウル・ヴルフィンク・フォン・ディッテン;897;GER;1930;1939;1990;1990;2;6;512;2;0;5;1;L897;1930;1943;x
5 エーリヒ・ツィーガー;898;GER;1937;1940;1942;1990;1;5;0;3;0;5;1;L898;1937;1943;x
6 オットー・アーベルネッティ;899;GER;1938;1990;1990;1990;3;6;0;1;0;5;2;L899;1938;1940;x
6 エーリヒ・アルト;900;GER;1944;1990;1990;1990;3;6;8192;1;0;5;2;L900;1944;1960;x
5 カール・アンゲルシュタイン;901;GER;1941;1943;1990;1990;2;5;16384;2;0;5;2;L901;1941;1960;x
4 ハインリヒ・アッシェンブレナー;902;GER;1942;1944;1990;1990;2;4;0;2;0;5;2;L902;1942;1960;x
6 グスタフ・バンゼ;903;GER;1942;1990;1990;1990;3;6;0;1;0;5;2;L903;1942;1960;x
6 カール・バーレン;904;GER;1939;1941;1944;1990;2;6;0;3;0;5;2;L904;1939;1960;x
4 ヴィルヘルム・バウアー・ド・ベタツ;905;GER;1941;1943;1990;1990;3;4;0;2;0;5;2;L905;1941;1960;x
5 ハンス・ベーレント;906;GER;1941;1943;1990;1990;2;5;16384;2;0;5;2;L906;1941;1959;x
6 エドゥアルト・ドランスフェルト;907;GER;1930;1938;1940;1990;1;6;0;3;0;5;2;L907;1930;1943;x
7 エゴン・ドルスティリング;908;GER;1939;1940;1942;1990;1;7;16384;3;0;5;2;L908;1939;1960;x
6 フリードリヒ・ファーネルト;909;GER;1938;1940;1945;1990;2;6;0;3;0;5;2;L909;1938;1960;x
6 ヨハネス・フィンク;910;GER;1940;1942;1944;1990;1;6;0;3;0;5;2;L910;1940;1960;x
6 ファイト・フィッシャー;911;GER;1939;1940;1942;1990;1;6;8192;3;0;5;2;L911;1939;1960;x
5 ヨハン＝フォルクマー・フィッサー;912;GER;1939;1990;1990;1990;3;5;0;1;0;5;2;L912;1939;1940;x
6 ステファン・フレーリヒ;913;GER;1940;1942;1943;1990;1;6;32768;3;0;5;2;L913;1940;1960;x
6 ヘルムート・フォルスター;914;GER;1938;1940;1941;1990;1;6;0;3;0;5;2;L914;1938;1960;x
6 クーノ・フッテラー;915;GER;1941;1943;1945;1990;2;6;0;3;0;5;2;L915;1941;1960;x
6 ヴァルター・グラスマン;916;GER;1944;1990;1990;1990;3;6;4096;1;0;5;2;L916;1944;1960;x
5 フリードリヒ＝カール・ハネッセ;917;GER;1940;1942;1944;1990;1;5;0;3;0;5;2;L917;1940;1960;x
6 ヴィリィ・ハルムヤンツ;918;GER;1939;1940;1942;1990;1;6;0;3;0;5;2;L918;1939;1945;x
7 フリードリヒ・ハイリングブルナー;919;GER;1939;1940;1941;1946;1;7;65536;4;0;5;2;L919;1939;1960;x
6 フリードリヒ・ヒルシュハウアー;920;GER;1930;1938;1939;1990;1;6;0;3;0;5;2;L920;1930;1960;x
7 フーベルトゥス・ヒッチュホルト;921;GER;1945;1990;1990;1990;3;7;16384;2;0;5;2;L921;1945;1960;x
5 エーリヒ・ホンブルク;922;GER;1940;1945;1990;1990;3;5;0;2;0;5;2;L922;1940;1954;x
4 ヴィルヘルム・ハーネルト;923;GER;1939;1940;1990;1990;3;4;0;2;0;5;2;L923;1939;1942;x
6 ウルリッヒ・ケスラー;924;GER;1939;1941;1944;1990;1;6;32768;3;0;5;2;L924;1939;1960;x
6 カール・キッツィンガー;925;GER;1930;1938;1939;1946;1;6;0;3;0;5;2;L925;1930;1960;x
6 ヴァルデマー・クレプケ;926;GER;1930;1937;1939;1990;1;6;4096;3;0;5;2;L926;1930;1943;x
6 ロベルト・クナウス;927;GER;1940;1942;1944;1990;1;6;0;3;0;5;2;L927;1940;1960;x
5 ヴィクトル・クロッカー;928;GER;1939;1941;1990;1990;2;5;0;2;0;5;2;L928;1939;1959;x
5 アドルフ・キューン;929;GER;1942;1990;1990;1990;3;5;0;1;0;5;2;L929;1942;1953;x
6 ベルンハルト・キュール;930;GER;1930;1938;1939;1990;1;6;65536;3;0;5;2;L930;1930;1943;x
5 ヨハネス・レンツシュ;931;GER;1930;1938;1990;1990;2;5;0;2;0;5;2;L931;1930;1943;x
6 アルフレート・マーンケ;932;GER;1939;1940;1943;1990;1;6;16384;3;0;5;2;L932;1939;1960;x
7 ヴィルヘルム・マイヤー;933;GER;1937;1939;1941;1990;1;7;8192;3;0;5;2;L933;1937;1944;x
6 マックス・モール;934;GER;1938;1939;1941;1990;1;6;0;3;0;5;2;L934;1938;1944;x
6 エルンスト・ミュラー;935;GER;1939;1942;1944;1990;2;6;0;3;0;5;2;L935;1939;1948;x
7 フランツ・ミュラー＝ミヒールス;936;GER;1930;1937;1990;1990;2;7;0;2;0;5;2;L936;1930;1943;x
5 エーリヒ・クヴァード;937;GER;1930;1938;1940;1990;1;5;0;3;0;5;2;L937;1930;1944;x
6 ゲオルク・リーケ;938;GER;1941;1943;1945;1990;1;6;16384;3;0;5;2;L938;1941;1960;x
6 ハンス・リッター;939;GER;1939;1940;1942;1990;1;6;131072;3;0;5;2;L939;1939;1960;x
5 エルンスト＝アウグスト・ロート;940;GER;1942;1945;1990;1990;2;5;16384;2;0;5;2;L940;1942;1960;x
5 ヴォルフガング・ルーター;941;GER;1939;1990;1990;1990;3;5;0;1;0;5;0;L941;1939;1944;x
6 アウグスト・シュミット;942;GER;1938;1940;1941;1990;1;6;0;3;0;5;2;L942;1938;1955;x
6 ヒューゴ・シュミット;943;GER;1937;1939;1941;1990;1;6;0;3;0;5;2;L943;1937;1960;x
7 パウル・シュルタイス;944;GER;1941;1943;1990;1990;2;7;16384;2;0;5;2;L944;1941;1944;x
6 ユリウス・シュルツ;945;GER;1939;1940;1942;1990;1;6;0;3;0;5;2;L945;1939;1960;x
5 ヴァルター・シュヴァーベディッセン;946;GER;1940;1942;1990;1990;2;5;0;2;0;5;2;L946;1940;1960;x
8 ギュンター・シュヴァルツコプフ;947;GER;1939;1990;1990;1990;3;8;16384;1;0;5;2;L947;1939;1940;x
5 アルベルト・シュヴス;948;GER;1939;1940;1990;1990;2;5;0;2;0;5;2;L948;1939;1943;x
6 ハンス・ジーブルク;949;GER;1939;1940;1942;1990;1;6;131072;3;0;5;2;L949;1939;1960;x
7 ヴァルター・ゾンメ;950;GER;1939;1940;1942;1990;1;7;0;4;0;5;2;L950;1939;1960;x
5 ハンス・ゾンマー;951;GER;1938;1940;1990;1990;2;5;0;2;0;5;2;L951;1938;1960;x
6 アルベルト・フィールリング;952;GER;1939;1940;1942;1990;1;6;0;3;0;5;2;L952;1939;1960;x
3 ヘルマン・フォイクト＝ルッシェヴァイ;953;GER;1943;1990;1990;1990;3;3;0;1;0;5;2;L953;1943;1960;x
7 ゲオルク・マッケンゼン・フォン・アストフェルト;954;GER;1939;1941;1990;1990;2;7;0;2;0;5;2;L954;1939;1944;x
4 ヘルマン・フォン・デル・リート＝トムゼン;955;GER;1930;1930;1939;1990;2;4;0;1;0;5;2;L955;1930;1942;x
7 クルト＝ベルマン・フォン・デーリング;956;GER;1940;1941;1990;1990;2;7;4096;2;0;5;2;L956;1940;1960;x
5 ヘルマン・フォン・マン・ツー・ティーヒラー;957;GER;1939;1940;1990;1990;2;5;32768;2;0;5;2;L957;1939;1960;x
6 ヴォルフガング・フォン・ヴィルト;958;GER;1945;1990;1990;1990;3;6;131072;1;0;5;2;L958;1945;1960;x
6 ヴァルター・ヴェッケ;959;GER;1938;1940;1942;1990;2;6;0;3;0;5;2;L959;1938;1943;x
4 ヴォルフガング・ヴァイガント;960;GER;1939;1940;1990;1990;2;4;0;2;0;5;2;L960;1939;1960;x
7 コンラート・ツァンダー;961;GER;1930;1930;1930;1990;1;7;131072;1;0;5;2;L961;1930;1943;x
7 フィリップ・ツォッホ;962;GER;1940;1942;1990;1990;2;7;8192;2;0;5;2;L962;1940;1949;x
6 リヒャルト・シュテンペル;963;GER;1939;1942;1990;1990;2;6;8;2;0;5;0;L963;1939;1943;x
7 ヘルムート・シュレーマー;964;GER;1940;1942;1990;1990;2;7;5;2;0;5;0;L964;1940;1942;x
7 ヴェルナー・ゼネ;965;GER;1940;1942;1990;1990;2;7;3;2;0;5;0;L965;1940;1952;x
5 ベルンハルト・シュタインメッツ;966;GER;1943;1944;1990;1990;3;5;0;2;0;5;0;L966;1943;1960;x
5 マルティン・ラットマン;967;GER;1943;1990;1990;1990;3;5;0;1;0;5;0;L967;1943;1960;x
7 アーノ・フォン・レンスキ;968;GER;1940;1943;1990;1990;3;7;129;2;0;5;0;L968;1940;1960;x
8 ハインツ・フォン・ランドー;969;GER;1939;1942;1990;1990;3;8;129;2;0;5;0;L969;1939;1942;x
6 ハンス＝ゲオルク・ヒルデブラント;970;GER;1943;1944;1990;1990;3;6;128;2;0;5;0;L970;1943;1960;x
6 ハインリヒ＝ヘルマン・フォン・ヒュルゼン;971;GER;1941;1990;1990;1990;3;6;144;1;0;5;0;L971;1943;1960;x
6 マックス・ズマーマン;972;GER;1941;1990;1990;1990;3;6;0;1;0;5;0;L972;1941;1960;x
7 リヒャルト・ファイト;973;GER;1939;1942;1990;1990;2;7;4;2;0;5;0;L973;1939;1960;x
6 テオドール・フォン・シュポネック;974;GER;1940;1943;1990;1990;2;6;4;2;0;5;0;L974;1940;1960;x
5 フリッツ・クラウゼ;975;GER;1942;1990;1990;1990;3;5;0;1;0;5;0;L975;1942;1960;x
7 ヴァルター・ノイマン＝ジルコフ;976;GER;1941;1942;1990;1990;3;7;128;2;0;5;0;L976;1941;1942;x
6 フリードリヒ・フォン・ブロイヒ;977;GER;1943;1944;1990;1990;2;6;4;2;0;5;0;L977;1943;1960;x
6 ヴィリバルト・ボロヴィーツ;978;GER;1940;1943;1990;1990;3;6;128;2;0;5;0;L978;1940;1945;x
6 レオン・デグレル;979;GER;1943;1990;1990;1990;3;6;10;2;0;5;0;L979;1945;1960;x
6 エドガー・プアウド;980;GER;1943;1990;1990;1990;3;6;260;1;0;5;0;L980;1943;1960;x
7 グスタフ・クルケンベルグ;981;GER;1944;1990;1990;1990;3;7;260;1;0;5;0;L981;1944;1960;x
6 フランツ・バイヤー;982;GER;1942;1943;1944;1990;2;6;6;2;0;5;0;L982;1942;1960;x
6 エルンスト＝アウグスト・コスリング;984;GER;1930;1937;1940;1990;2;6;516;3;0;5;0;L984;1930;1960;x
6 ヨアヒム・フォン・コルツフレイヒ;985;GER;1937;1939;1990;1990;2;6;6;2;0;5;0;L985;1937;1960;x
5 アーサー・カルマー;986;GER;1943;1944;1945;1990;2;5;2;2;0;5;0;L986;1943;1960;x
7 ヴィリバルト・フォン・ランガーマン・ウント・エレンカンプ;987;GER;1940;1942;1990;1990;2;7;132;2;0;5;0;L987;1940;1942;x
6 フリードリヒ・アルトリヒター;989;GER;1941;1990;1990;1990;3;6;4;2;0;5;0;L989;1941;1949;x
5 フリードリヒ・フォン・アマン;990;GER;1930;1942;1990;1990;3;5;578;2;0;5;0;L990;1930;1943;x
5 クルト・バディンスキ;991;GER;1942;1943;1990;1990;2;5;3;2;0;5;0;L991;1942;1960;x
4 ルドルフ・バムラー;992;GER;1942;1943;1990;1990;3;4;0;2;0;5;0;L992;1942;1960;x
7 アルフレート・ヴュンネンベルク;993;GER;1941;1942;1943;1990;1;7;132;4;0;5;0;L993;1941;1960;x
6 コンスタンティン・カマルホーファ;994;GER;1941;1943;1990;1990;3;6;4;2;0;5;0;L994;1941;1960;x
6 グスタフ・ハイスターマン・フォン・ツィールベルク;995;GER;1943;1944;1990;1990;2;6;2;2;0;5;0;L995;1943;1945;x
6 アルフレート・ヘマン;996;GER;1944;1945;1990;1990;2;6;2;2;0;5;0;L996;1944;1957;x
6 フリッツ・ショルツ・フォン・レランツェ;997;GER;1941;1944;1990;1990;3;6;260;2;0;5;0;L997;1941;1944;x
6 ヴェルナー・ランゲ;998;GER;1941;1943;1990;1990;2;6;4096;2;0;5;1;L998;1941;1943;x
6 ハンス＝クルト・ホッカー;999;GER;1942;1943;1990;1990;2;6;2;2;0;5;0;L999;1942;1960;x
4 ギュンター・ザクス;1100800;GER;1944;1990;1990;1990;2;4;0;2;0;5;0;L1100800;1944;1960;x
5 アルフレート＝ヘルマン・ラインハルト;1100801;GER;1944;1945;1990;1990;2;5;0;2;0;5;0;L1100801;1944;1960;x
6 テオドール・シェーラー;1100802;GER;1940;1942;1990;1990;2;6;2;2;0;5;0;L1100802;1940;1951;x
6 グスタフ・ヴィルケ;1100803;GER;1943;1944;1990;1990;3;6;256;2;0;5;0;L1100803;1943;1960;x
6 オイゲン・ケーニヒ;1100804;GER;1944;1945;1990;1990;3;6;0;2;0;5;0;L1100804;1944;1960;x
5 オットー・シェラート;1100805;GER;1939;1941;1943;1990;3;5;0;2;0;5;0;L1100805;1939;1960;x
5 リヒャルト・ローテ＝ロート;1100806;GER;1944;1990;1990;1990;3;5;0;2;0;5;1;L1100806;1944;1960;x
6 ロベルト・ギゼー;1100807;GER;1951;1990;1990;1990;3;6;1024;2;0;5;1;L1100807;1951;1960;x
6 フリードリヒ・フフマイアー;1100808;GER;1943;1945;1990;1990;3;6;0;2;0;5;1;L1100808;1943;1960;x
6 ヨハネス＝ルドルフ・ミューレンカンプ;1100809;GER;1946;1990;1990;1990;3;6;128;2;0;5;0;L1100809;1946;1960;x
6 カール・ウルリッヒ;1100810;GER;1945;1990;1990;1990;3;6;128;2;0;5;0;L1100810;1945;1960;x
6 ヘルマン・プロッヒャー;1100811;GER;1942;1943;1990;1990;3;6;256;2;0;5;0;L1100811;1942;1960;x
6 エーリッヒ・アッバーガー;1100812;GER;1944;1990;1990;1990;3;6;32;1;0;5;0;L1100812;1944;1988;x
5 アレクサンダー・アブト;1100813;GER;1942;1990;1990;1990;3;5;0;0;0;5;0;L1100813;1942;1970;x
6 クルト・アダム;1100814;GER;1945;1990;1990;1990;3;6;4;2;0;5;0;L1100814;1945;1973;x
6 アルトゥル・アドラー;1100816;GER;1941;1990;1990;1990;3;6;2;1;0;5;0;L1100816;1941;1969;x
6 クサヴァー・アドルホッチュ;1100817;GER;1942;1990;1990;1990;3;6;0;2;0;5;0;L1100817;1942;1968;x
5 エルンスト・アドルフ;1100818;GER;1941;1990;1990;1990;3;5;514;1;0;5;0;L1100818;1941;1955;x
7 ハンス・フォン・アルフェン;1100819;GER;1945;1990;1990;1990;3;7;4;3;0;5;0;L1100819;1945;1966;x
5 ヴィクトール・フォン・アイグナー;1100820;GER;1930;1930;1990;1990;2;5;2;1;0;5;0;L1100820;1930;1949;x
6 コンラート・フォン・アルベティ;1100821;GER;1943;1990;1990;1990;3;6;0;1;0;5;0;L1100821;1943;1967;x
6 ゲオルク・フォン・アルテン;1100822;GER;1942;1990;1990;1990;3;6;0;1;0;5;0;L1100822;1942;1950;x
6 ハンス＝ヘニング・フォン・アルテン;1100823;GER;1941;1990;1990;1990;3;6;4;2;0;5;0;L1100823;1941;1947;x
6 オットー・アマン;1100824;GER;1943;1990;1990;1990;3;6;0;1;0;5;0;L1100824;1943;1958;x
5 カール・フォン・アモン;1100825;GER;1940;1990;1990;1990;3;5;0;1;0;5;0;L1100825;1940;1946;x
6 カール・アンダース;1100826;GER;1945;1990;1990;1990;3;6;1;1;0;5;0;L1100826;1945;1972;x
6 カール・アンドレ;1100827;GER;1944;1990;1990;1990;3;6;16;1;0;5;0;L1100827;1944;1985;x
5 クルト・アンゲル;1100828;GER;1939;1990;1990;1990;3;5;0;1;0;5;0;L1100828;1939;1961;x
6 ハンス・アドルフ・フォン・アレンストルフ;1100829;GER;1943;1990;1990;1990;3;6;16;2;0;5;0;L1100829;1943;1952;x
5 エドガー・アルント;1100830;GER;1943;1990;1990;1990;3;5;1;1;0;5;0;L1100830;1943;1944;x
5 フリードムンド・フォン・アルニム;1100831;GER;1942;1990;1990;1990;3;5;0;1;0;5;0;L1100831;1942;1975;x
5 フリッツ・フォン・アルニム;1100832;GER;1945;1990;1990;1990;3;5;0;0;0;5;0;L1100832;1945;1970;x
5 ハンス・フォン・アルニム;1100833;GER;1940;1990;1990;1990;3;5;0;1;0;5;0;L1100833;1940;1941;x
6 カール・アルニング;1100834;GER;1944;1990;1990;1990;3;6;4;1;0;5;0;L1100834;1944;1964;x
5 カール・アーノルド;1100835;GER;1941;1990;1990;1990;3;5;2;1;0;5;0;L1100835;1941;1945;x
6 ヴィルヘルム・アーノルド;1100836;GER;1943;1990;1990;1990;3;6;0;0;0;5;0;L1100836;1943;1986;x
6 パーシー・フォン・アッシェベルク;1100837;GER;1942;1990;1990;1990;3;6;64;2;0;5;0;L1100837;1942;1952;x
6 ハインリッヒ・アッシュブラント;1100838;GER;1941;1990;1990;1990;3;6;4;1;0;5;0;L1100838;1941;1953;x
6 オスカー・アウドルシュ;1100839;GER;1944;1990;1990;1990;3;6;128;1;0;5;0;L1100839;1944;1990;x
6 フーベルトゥス・フォン・アウロック;1100840;GER;1944;1990;1990;1990;3;6;32;1;0;5;0;L1100840;1944;1979;x
6 アルブレヒト・アショフ;1100841;GER;1945;1990;1990;1990;3;6;128;1;0;5;0;L1100841;1945;1990;x
5 ユルゲン・バールト;1100842;GER;1942;1990;1990;1990;3;5;0;1;0;5;0;L1100842;1942;1961;x
6 オットマー・バベル;1100843;GER;1945;1990;1990;1990;3;6;0;2;0;5;0;L1100843;1944;1945;x
5 ヘルムート・バチェリン;1100844;GER;1944;1990;1990;1990;3;5;0;0;0;5;0;L1100844;1944;1975;x
6 ヘルマン・バチャー;1100845;GER;1942;1990;1990;1990;3;6;0;1;0;5;0;L1100845;1942;1964;x
6 ハンス・アルバート・バーデ;1100846;GER;1943;1990;1990;1990;3;6;0;1;0;5;0;L1100846;1943;1959;x
7 ロベルト・バーダー;1100847;GER;1945;1990;1990;1990;3;7;256;2;0;5;0;L1100847;1944;1945;x
6 ルドルフ・バーダー;1100848;GER;1945;1990;1990;1990;3;6;64;1;0;5;0;L1100848;1945;1983;x
5 ルドルフ・バチェラ;1100849;GER;1941;1990;1990;1990;3;5;0;1;0;5;0;L1100849;1941;1947;x
5 アルフレート・バエンチェル;1100850;GER;1943;1990;1990;1990;3;5;0;0;0;5;0;L1100850;1942;1943;x
6 カール・ベアー;1100851;GER;1944;1990;1990;1990;3;6;0;1;0;5;0;L1100851;1943;1944;x
6 エーリッヒ・バエスラー;1100852;GER;1942;1944;1990;1990;2;6;2;2;0;5;0;L1100852;1942;1957;x
6 ヨハネス・バエスラー;1100853;GER;1942;1944;1990;1990;2;6;132;2;0;5;0;L1100853;1942;1944;x
6 エグモント・バーン;1100854;GER;1943;1990;1990;1990;3;6;8;1;0;5;0;L1100854;1943;1949;x
6 マルティン・バルツァー;1100855;GER;1941;1990;1990;1990;3;6;0;1;0;5;0;L1100855;1941;1955;x
4 ロベルト・バルツァー;1100856;GER;1941;1943;1990;1990;2;4;0;0;0;5;0;L1100856;1941;1943;x
5 ゲオルク・バンベルク;1100857;GER;1941;1990;1990;1990;3;5;1;1;0;5;0;L1100857;1941;1979;x
6 コンラート・バルデ;1100858;GER;1945;1990;1990;1990;3;6;1;1;0;5;0;L1100858;1944;1945;x
6 エルウィン・バレンス;1100859;GER;1941;1990;1990;1990;3;6;8;1;0;5;0;L1100859;1941;1942;x
5 ヴィクトル・バートキー;1100860;GER;1940;1990;1990;1990;3;5;0;1;0;5;0;L1100860;1940;1941;x
5 グスタフ・フォン・バーテンワーファー;1100861;GER;1942;1990;1990;1990;3;5;512;1;0;5;0;L1100861;1942;1947;x
6 オットー・バルト;1100862;GER;1944;1990;1990;1990;3;6;1;2;0;5;0;L1100862;1944;1963;x
6 ゴットフリート・バートン;1100863;GER;1941;1990;1990;1990;3;6;16;2;0;5;0;L1100863;1941;1943;x
5 マックス・フォン・バッセ;1100864;GER;1943;1990;1990;1990;3;5;0;1;0;5;0;L1100864;1943;1949;x
6 エルンスト・フォン・バウアー;1100865;GER;1944;1990;1990;1990;3;6;4;1;0;5;0;L1100865;1944;1945;x
6 パウル・バウアー;1100866;GER;1939;1990;1990;1990;3;6;0;1;0;5;0;L1100866;1939;1948;x
5 リヒャルト・バウムガートナー;1100867;GER;1939;1990;1990;1990;3;5;0;0;0;5;0;L1100867;1939;1979;x
6 ハンス＝ヨアヒム・バウムエイスター;1100868;GER;1944;1990;1990;1990;3;6;64;1;0;5;0;L1100868;1944;1950;x
6 リヒャルト・バジング;1100869;GER;1942;1990;1990;1990;3;6;0;1;0;5;0;L1100869;1942;1980;x
6 カール・ベッヒャー;1100870;GER;1943;1990;1990;1990;3;6;0;2;0;5;0;L1100870;1943;1971;x
6 ヘルムート・ベックラー;1100871;GER;1945;1990;1990;1990;3;6;4;2;0;5;0;L1100871;1945;1971;x
5 エルンスト・ベット;1100872;GER;1942;1990;1990;1990;3;5;0;1;0;5;0;L1100872;1942;1959;x
5 エルウィン・ベック;1100873;GER;1942;1990;1990;1990;3;5;0;0;0;5;0;L1100873;1942;1957;x
6 フランツ・ベッカー;1100874;GER;1942;1990;1990;1990;3;6;2;2;0;5;0;L1100874;1942;1976;x
6 フリッツ・ベッカー;1100875;GER;1942;1943;1990;1990;2;6;128;1;0;5;0;L1100875;1942;1967;x
5 アルフレート・ベックマン;1100876;GER;1941;1990;1990;1990;3;5;0;0;0;5;0;L1100876;1941;1946;x
4 ディートリッヒ・ベーリッツ;1100877;GER;1945;1990;1990;1990;3;4;0;0;0;5;0;L1100877;1945;1990;x
7 ハインリヒ・バロン・フォン・ベーア;1100878;GER;1945;1990;1990;1990;3;7;128;1;0;5;0;L1100878;1945;1983;x
6 ヴァルター・バイスバンガー;1100879;GER;1943;1990;1990;1990;3;6;0;1;0;5;0;L1100879;1943;1984;x
6 ゲルト＝パウル・フォン・ベロウ;1100880;GER;1945;1990;1990;1990;3;6;4;3;0;5;0;L1100880;1945;1953;x
6 フリッツ・ベニケ;1100881;GER;1943;1944;1990;1990;2;6;128;2;0;5;0;L1100881;1943;1975;x
6 ゲオルク・ベンサック;1100882;GER;1944;1990;1990;1990;3;6;65;1;0;5;0;L1100882;1944;1973;x
6 ヴェルナー・フォン・ベルケン;1100883;GER;1944;1944;1990;1990;2;6;2;1;0;5;0;L1100883;1944;1976;x
6 ハインリッヒ・ベレンデス;1100884;GER;1942;1990;1990;1990;3;6;0;1;0;5;0;L1100884;1942;1943;x
6 マルティン・ベルク;1100885;GER;1944;1990;1990;1990;3;6;4;1;0;5;0;L1100885;1944;1969;x
5 ハンス・ベルガー;1100886;GER;1942;1990;1990;1990;3;5;64;1;0;5;0;L1100886;1941;1942;x
6 ロタール・ベルガー;1100887;GER;1945;1990;1990;1990;3;6;4;2;0;5;0;L1100887;1945;1971;x
6 ヴァルダマー・ベルカ;1100888;GER;1941;1990;1990;1990;3;6;0;1;0;5;0;L1100888;1941;1965;x
6 エーリッヒ・ベルネッカー;1100889;GER;1938;1940;1990;1990;2;6;4;2;0;5;0;L1100889;1938;1942;x
6 エアハルト・ベルナー;1100890;GER;1945;1990;1990;1990;3;6;0;2;0;5;0;L1100890;1945;1960;x
6 ユリウス・フォン・ベルヌス;1100891;GER;1942;1990;1990;1990;3;6;32;1;0;5;0;L1100891;1941;1942;x
6 ゲルハルト・ベルトルト;1100892;GER;1941;1943;1990;1990;2;6;0;2;0;5;0;L1100892;1941;1942;x
5 ヘルムート・ベッシュ;1100893;GER;1942;1990;1990;1990;3;5;0;1;0;5;0;L1100893;1942;1974;x
6 アーノルド・フォン・ベッセル;1100894;GER;1941;1990;1990;1990;3;6;16;1;0;5;0;L1100894;1941;1945;x
5 ハンス・ベッセル;1100895;GER;1943;1990;1990;1990;3;5;32;1;0;5;0;L1100895;1943;1979;x
6 クレメンス・ベッツェル;1100896;GER;1944;1945;1990;1990;2;6;128;1;0;5;0;L1100896;1944;1945;x
4 オットー・ベウトラー;1100897;GER;1943;1990;1990;1990;3;4;1;0;0;5;0;L1100897;1943;1944;x
5 クルト・ベウテッル;1100898;GER;1938;1940;1990;1990;2;5;512;1;0;5;0;L1100898;1938;1956;x
5 カール・ビッケル;1100899;GER;1943;1990;1990;1990;3;5;0;1;0;5;0;L1100899;1943;1969;x
6 マルティン・ビエバー;1100900;GER;1945;1990;1990;1990;3;6;0;1;0;5;0;L1100900;1945;1974;x
6 エルンスト・ビエラー;1100901;GER;1945;1990;1990;1990;3;6;32;1;0;5;0;L1100901;1945;1990;x
5 ヴェルナー・フォン・ビール;1100902;GER;1942;1990;1990;1990;3;5;0;1;0;5;0;L1100902;1942;1955;x
5 ルートヴィヒ・ビーリンガー;1100903;GER;1943;1990;1990;1990;3;5;1;1;0;5;0;L1100903;1943;1975;x
6 オット・ビーアマン;1100904;GER;1941;1990;1990;1990;3;6;2;1;0;5;0;L1100904;1941;1945;x
5 オイゲン・ビルハルツ;1100905;GER;1941;1990;1990;1990;3;5;32;0;0;5;0;L1100905;1941;1963;x
4 アルトゥール・ビスレ;1100906;GER;1943;1990;1990;1990;3;4;0;0;0;5;0;L1100906;1943;1958;x
5 クルド・フォン・ビスマルク;1100907;GER;1941;1990;1990;1990;3;5;0;1;0;5;0;L1100907;1941;1943;x
6 ジークフリート・フォン・ブランケンシー;1100908;GER;1945;1990;1990;1990;3;6;0;1;0;5;0;L1100908;1944;1945;x
6 エドムンド・ブラウロック;1100909;GER;1944;1945;1990;1990;2;6;2;3;0;5;0;L1100909;1944;1966;x
6 ヴィルヘルム・ブレックウェン;1100910;GER;1945;1990;1990;1990;3;6;4;2;0;5;0;L1100910;1945;1989;x
6 オイゲン＝ハインリッヒ・ブレイヤー;1100911;GER;1943;1944;1990;1990;2;6;0;3;0;5;0;L1100911;1943;1979;x
6 ロタール・フォン・ブロック;1100912;GER;1942;1990;1990;1990;3;6;16;1;0;5;0;L1100912;1942;1967;x
5 パウル・ブロック;1100913;GER;1945;1990;1990;1990;3;5;0;1;0;5;0;L1100913;1945;1956;x
6 フリードリヒ・ブルムケ;1100915;GER;1944;1990;1990;1990;3;6;32;1;0;5;0;L1100915;1943;1944;x
6 デトレフ・ボック・フォン・ヴルフィンゲン;1100916;GER;1943;1990;1990;1990;3;6;0;1;0;5;0;L1100916;1943;1984;x
6 エルポ・フライヘル・フォン・ボデンハウゼン;1100917;GER;1943;1945;1990;1990;2;6;128;3;0;5;0;L1100917;1943;1945;x
6 ヨハネス・ボハイムブ;1100918;GER;1945;1990;1990;1990;3;6;0;2;0;5;0;L1100918;1945;1972;x
5 ヘルマン・ベーメ;1100919;GER;1943;1944;1990;1990;2;5;0;0;0;5;0;L1100919;1943;1968;x
7 グスタフ・べーリンガー;1100920;GER;1942;1944;1990;1990;2;7;64;1;0;5;0;L1100920;1942;1974;x
6 ハンス・ボメルス;1100921;GER;1942;1944;1990;1990;3;6;4;2;0;5;0;L1100921;1942;1964;x
6 ヨハン・デ・ボーア;1100922;GER;1943;1944;1990;1990;2;6;64;2;0;5;0;L1100922;1943;1986;x
6 カール・ボエッサー;1100923;GER;1942;1990;1990;1990;3;6;1;1;0;5;0;L1100923;1942;1945;x
6 エーリッヒ・フォン・ボーゲン;1100924;GER;1943;1944;1990;1990;2;6;0;1;0;5;0;L1100924;1943;1972;x
4 フリードリヒ・リッター・フォン・ボーゲンドルファー;1100925;GER;1939;1990;1990;1990;3;4;512;1;0;5;0;L1100925;1939;1942;x
6 ヴィルヘルム・ボンシュテット;1100926;GER;1940;1942;1990;1990;2;6;4;2;0;5;0;L1100926;1940;1947;x
6 クラウス・ボイエ;1100927;GER;1942;1990;1990;1990;3;6;2;2;0;5;0;L1100927;1942;1983;x
7 エルネスト・ボルブリンカー;1100928;GER;1944;1990;1990;1990;3;7;132;2;0;5;0;L1100928;1944;1962;x
6 ヴァルター・フォン・ボルテンシュテルン;1100929;GER;1940;1942;1990;1990;2;6;32;1;0;5;0;L1100929;1940;1952;x
6 ヴェルナー・フォン・ボルテンシュテルン;1100930;GER;1945;1990;1990;1990;3;6;0;1;0;5;0;L1100930;1945;1985;x
5 フリードリヒ・ボルチャーズ;1100931;GER;1942;1990;1990;1990;3;5;0;0;0;5;0;L1100931;1942;1959;x
6 アドルフ・ボルディン;1100932;GER;1940;1942;1990;1990;2;6;0;1;0;5;0;L1100932;1940;1958;x
5 マックス・ヘルマン・ボルク;1100933;GER;1943;1944;1990;1990;2;5;1;1;0;5;0;L1100933;1943;1973;x
5 パウル・ボルンショイアー;1100934;GER;1944;1990;1990;1990;3;5;64;1;0;5;0;L1100934;1944;1983;x
6 ハインリッヒ・ボロウスキ;1100935;GER;1941;1990;1990;1990;3;6;0;0;0;5;0;L1100935;1941;1963;x
5 フリードリヒ・フォン・ボート;1100936;GER;1942;1990;1990;1990;3;5;0;1;0;5;0;L1100936;1942;1945;x
6 リヒャルト・フォン・ボートメル;1100937;GER;1944;1990;1990;1990;3;6;2;2;0;5;0;L1100937;1944;1945;x
6 ヴァルター・ボトシュ;1100938;GER;1943;1944;1990;1990;2;6;128;2;0;5;0;L1100938;1943;1969;x
6 アレクサンダー・バーキン;1100939;GER;1944;1944;1990;1990;2;6;256;1;0;5;0;L1100939;1944;1966;x
6 ハンス・ブラバンダー;1100940;GER;1941;1943;1990;1990;2;6;1;1;0;5;0;L1100940;1941;1982;x
6 アルブレヒト・ブランド;1100941;GER;1937;1939;1990;1990;2;6;0;1;0;5;0;L1100941;1937;1969;x
6 ハインツ・ブラント;1100942;GER;1944;1990;1990;1990;3;6;16;1;0;5;0;L1100942;1943;1944;x
6 アウグスト・バウアー;1100943;GER;1941;1990;1990;1990;3;6;64;1;0;5;0;L1100943;1941;1953;x
6 ヨハネス＝オスカー・バウアー;1100944;GER;1944;1990;1990;1990;3;6;2;1;0;5;0;L1100944;1944;1980;x
5 ハンス・ブラウムラー;1100945;GER;1941;1990;1990;1990;3;5;64;1;0;5;0;L1100945;1941;1956;x
6 ユリウス・ブラウン;1100946;GER;1943;1944;1990;1990;2;6;4;2;0;5;0;L1100946;1943;1962;x
7 ヴァルター・ブレイマー;1100947;GER;1943;1990;1990;1990;3;7;128;1;0;5;0;L1100947;1943;1967;x
6 フリードリヒ・ブライト;1100948;GER;1942;1943;1990;1990;2;6;0;1;0;5;0;L1100948;1942;1982;x
6 ヴァルター・ブレンケン;1100949;GER;1942;1990;1990;1990;3;6;0;1;0;5;0;L1100949;1942;1952;x
6 ヘロ・ブレウシンク;1100950;GER;1944;1990;1990;1990;3;6;128;1;0;5;0;L1100950;1944;1973;x
6 アルトゥル・フォン・ブリーゼン;1100951;GER;1942;1990;1990;1990;3;6;2;1;0;5;0;L1100951;1942;1981;x
7 ハインリッヒ＝ヴァルター・ブロンサルト・フォン・シェルドーフ;1100952;GER;1944;1990;1990;1990;3;7;130;2;0;5;0;L1100952;1943;1970;x
5 ハンス・ブルックマン;1100953;GER;1944;1990;1990;1990;3;5;0;0;0;5;0;L1100953;1944;1962;x
6 オットー＝ヘルマン・ブルッカー;1100954;GER;1944;1945;1990;1990;2;6;2;2;0;5;0;L1100954;1944;1964;x
6 フェルディナンド・ブリュール;1100955;GER;1944;1990;1990;1990;3;6;0;2;0;5;0;L1100955;1944;1968;x
5 カール・ブリュンデル;1100956;GER;1944;1990;1990;1990;3;5;0;1;0;5;0;L1100956;1944;1957;x
6 ヨーゼフ・ブリューニング;1100957;GER;1945;1990;1990;1990;3;6;16;1;0;5;0;L1100957;1945;1969;x
6 ヨハネス・ブルーン;1100958;GER;1944;1990;1990;1990;3;6;2;1;0;5;0;L1100958;1944;1954;x
6 ヴァルター・フェリックス・アルフレート・ルートヴィヒ・ブルヌス;1100959;GER;1942;1990;1990;1990;3;6;0;3;0;5;0;L1100959;1942;1967;x
4 ヴァルター・ブルヌス;1100960;GER;1942;1990;1990;1990;3;4;32;0;0;5;0;L1100960;1942;1957;x
5 ウォルフガング・ブッファー;1100961;GER;1944;1990;1990;1990;3;5;1;1;0;5;0;L1100961;1943;1944;x
5 エルンスト・ブッフターキルヒ;1100962;GER;1941;1990;1990;1990;3;5;0;1;0;5;0;L1100962;1940;1941;x
6 ヨープスト・フライヘル・フォン・バデンブロック;1100963;GER;1944;1990;1990;1990;3;6;64;1;0;5;0;L1100963;1944;1957;x
4 アンドレアス・ブクティング;1100964;GER;1942;1990;1990;1990;3;4;0;0;0;5;0;L1100964;1941;1942;x
4 ロベルト・ブフルマン;1100965;GER;1940;1990;1990;1990;3;4;32;1;0;5;0;L1100965;1939;1940;x
5 コード・フォン・ビューロー;1100966;GER;1942;1990;1990;1990;3;5;0;1;0;5;0;L1100966;1941;1942;x
6 ヴェルナー・フォン・ビューロー;1100967;GER;1943;1990;1990;1990;3;6;4;2;0;5;0;L1100967;1942;1943;x
7 カール・ブロヴィウス;1100968;GER;1942;1943;1990;1990;2;7;0;2;0;5;0;L1100968;1942;1945;x
6 ステファン・ブロヴィウス;1100969;GER;1944;1990;1990;1990;3;6;64;1;0;5;0;L1100969;1944;1979;x
6 ヴェルナー・ブニング;1100970;GER;1945;1990;1990;1990;3;6;0;0;0;5;0;L1100970;1945;1984;x
5 ハインリヒ・ブルッキー;1100971;GER;1944;1990;1990;1990;3;5;0;1;0;5;0;L1100971;1944;1973;x
6 オットー・ブッシング;1100972;GER;1944;1990;1990;1990;3;6;128;1;0;5;0;L1100972;1943;1944;x
5 リヒャルト・ブルケ;1100973;GER;1945;1990;1990;1990;3;5;0;0;0;5;0;L1100973;1945;1948;x
6 カール・ブルダッハ;1100974;GER;1941;1942;1990;1990;2;6;64;1;0;5;0;L1100974;1941;1976;x
7 アーノルド・バーマイスター;1100975;GER;1945;1945;1990;1990;2;7;130;2;0;5;0;L1100975;1945;1988;x
6 フリードリヒ・ブッシュマン;1100976;GER;1939;1941;1990;1990;2;6;0;1;0;5;0;L1100976;1939;1954;x
4 ルドルフ・ブシチュ;1100977;GER;1942;1943;1990;1990;2;4;32;0;0;5;0;L1100977;1942;1946;x
5 エドガー・フォン・バトラー;1100978;GER;1943;1990;1990;1990;3;5;0;1;0;5;0;L1100978;1943;1955;x
6 オットー・バッツェ;1100979;GER;1942;1943;1990;1990;2;6;4;1;0;5;0;L1100979;1942;1978;x
5 カール・ブラセット;1100980;GER;1944;1990;1990;1990;3;5;128;1;0;5;0;L1100980;1944;1982;x
5 ハンス・ブエトゥ;1100981;GER;1943;1990;1990;1990;3;5;0;1;0;5;1;L1100981;1943;1974;x
5 オットー・バウム;1100982;GER;1944;1990;1990;1990;3;5;144;1;0;5;0;L1100982;1944;1998;x
5 ハンス・カバニス;1100983;GER;1943;1990;1990;1990;3;5;0;0;0;5;0;L1100983;1943;1964;x
5 オスカー・カンツェラー;1100984;GER;1940;1942;1990;1990;2;5;1;1;0;5;0;L1100984;1940;1960;x
6 カール・カスパー;1100985;GER;1942;1943;1990;1990;2;6;4;1;0;5;0;L1100985;1942;1970;x
5 ヘルムート・カルストルフ;1100986;GER;1942;1944;1990;1990;2;5;0;1;0;5;0;L1100986;1942;1957;x
7 クルト・チル;1100987;GER;1942;1943;1990;1990;2;7;0;2;0;5;0;L1100987;1942;1976;x
6 ブルーノ・チュロベック;1100988;GER;1942;1990;1990;1990;3;6;0;1;0;5;0;L1100988;1941;1942;x
6 ベルンハルト・フォン・クリア;1100989;GER;1942;1944;1990;1990;2;6;0;2;0;5;0;L1100989;1942;1953;x
6 インゴ・フォン・コールラニ;1100990;GER;1944;1990;1990;1990;3;6;0;1;0;5;0;L1100990;1944;1969;x
5 ジークフリート・コンラディ;1100991;GER;1940;1990;1990;1990;3;5;64;1;0;5;0;L1100991;1940;1974;x
6 ヴィルヘルム・コンツェ;1100992;GER;1945;1990;1990;1990;3;6;128;1;0;5;0;L1100992;1945;1978;x
5 ユリウス・コレッティ;1100993;GER;1945;1990;1990;1990;3;5;0;1;0;5;0;L1100993;1945;1970;x
5 ルートヴィヒ・クラモリニ;1100994;GER;1941;1990;1990;1990;3;5;0;1;0;5;0;L1100994;1941;1957;x
6 フリッツ・クラト;1100995;GER;1942;1990;1990;1990;3;6;64;1;0;5;0;L1100995;1936;1942;x
6 ヴィルヘルム・クリソッリ;1100996;GER;1944;1944;1990;1990;2;6;128;2;0;5;0;L1100996;1943;1944;x
7 クルト・クーノー;1100997;GER;1943;1944;1990;1990;2;7;132;3;0;5;0;L1100997;1943;1961;x
5 ヨーゼフ・ダーメ;1100998;GER;1945;1990;1990;1990;3;5;0;1;0;5;0;L1100998;1945;1978;x
6 ヨハヒム・フォン・デア・ダメラウ＝ダムブロウスキ;1100999;GER;1943;1990;1990;1990;3;6;0;1;0;5;0;L1100999;1942;1943;x
6 パウル・ダンハウザー;1101000;GER;1940;1943;1990;1990;2;6;2;2;0;5;0;L1101000;1940;1974;x
6 リヒャルト・ダニエル;1101001;GER;1944;1990;1990;1990;3;6;64;1;0;5;0;L1101001;1944;1986;x
5 ヴィルヘルム・ダンネル;1101002;GER;1943;1990;1990;1990;3;5;0;1;0;5;0;L1101002;1943;1957;x
6 ヴィルヘルム・ダッセル;1101003;GER;1942;1944;1990;1990;2;6;0;2;0;5;0;L1101003;1942;1968;x
5 ユリウス・ドーバー;1101004;GER;1942;1990;1990;1990;3;5;64;1;0;5;0;L1101004;1942;1946;x
6 ハンス・ダウベア;1101005;GER;1941;1990;1990;1990;3;6;0;1;0;5;0;L1101005;1940;1941;x
6 ジギスムント＝ヘルムート・フォン・ダワンズ;1101006;GER;1944;1990;1990;1990;3;6;128;2;0;5;0;L1101006;1944;1945;x
6 ハンス＝ヨハヒム・デッカート;1101007;GER;1945;1990;1990;1990;3;6;4;2;0;5;0;L1101007;1945;1988;x
5 ヴェルナー・デックマン;1101008;GER;1942;1990;1990;1990;3;5;0;1;0;5;0;L1101008;1942;1945;x
6 エミール・デデク;1101009;GER;1942;1990;1990;1990;3;6;256;1;0;5;0;L1101009;1942;1979;x
6 ハンス・デーゲン;1101010;GER;1941;1944;1990;1990;3;6;8;2;0;5;0;L1101010;1941;1971;x
7 ヨアヒム・デーゲナー;1101011;GER;1942;1990;1990;1990;3;7;2;2;0;5;0;L1101011;1942;1953;x
7 オットー・デインドル;1101012;GER;1942;1990;1990;1990;3;7;0;3;0;5;0;L1101012;1942;1947;x
6 ヴォルフガング・デイニンガー;1101013;GER;1941;1990;1990;1990;3;6;0;1;0;5;0;L1101013;1941;1946;x
5 オイゲン・デモール;1101014;GER;1942;1990;1990;1990;3;5;0;0;0;5;0;L1101014;1942;1969;x
6 フーゴ・デンプウォルフ;1101015;GER;1945;1990;1990;1990;3;6;16;1;0;5;0;L1101015;1945;1984;x
7 ヴァルター・デンカート;1101016;GER;1944;1945;1990;1990;2;7;128;2;0;5;0;L1101016;1944;1982;x
5 フリードリヒ＝ヴィルヘルム・デルネン;1101017;GER;1944;1990;1990;1990;3;5;2;1;0;5;0;L1101017;1944;1967;x
6 エーリッヒ・デスレフセン;1101018;GER;1944;1990;1990;1990;3;6;4;3;0;5;0;L1101018;1944;1980;x
5 グスタフ・フォン・デッテン;1101019;GER;1941;1990;1990;1990;3;5;0;1;0;5;0;L1101019;1941;1975;x
6 アウグスト・デットリンク;1101020;GER;1941;1943;1990;1990;2;6;2;1;0;5;0;L1101020;1941;1980;x
6 フリードリヒ＝ヴィルヘルム・ドイチュ;1101021;GER;1941;1943;1990;1990;2;6;0;1;0;5;0;L1101021;1941;1944;x
6 フリッツ・デゥルド;1101022;GER;1943;1990;1990;1990;3;6;0;1;0;5;0;L1101022;1943;1973;x
5 クノ・デウィッツ;1101023;GER;1945;1990;1990;1990;3;5;0;1;0;5;0;L1101023;1945;1960;x
5 ギュンター・フォン・デウィッツ・ゲナント・フォン・クレープス;1101024;GER;1940;1990;1990;1990;3;5;0;0;0;5;0;L1101024;1939;1940;x
5 カール・フォン・デウィッツ・ゲナント・フォン・クレープス;1101025;GER;1941;1990;1990;1990;3;5;0;1;0;5;0;L1101025;1941;1945;x
6 スタニスラウス・フォン・デウィッツ・ゲナント・フォン・クレープス;1101026;GER;1942;1990;1990;1990;3;6;0;1;0;5;0;L1101026;1942;1948;x
5 ヨハネス＝フーゴ・ディックマン;1101027;GER;1942;1990;1990;1990;3;5;0;1;0;5;0;L1101027;1942;1953;x
6 パウル・ディエセンナー;1101028;GER;1945;1990;1990;1990;3;6;0;1;0;5;0;L1101028;1945;1970;x
6 エーリッヒ・ディーステル;1101029;GER;1942;1943;1990;1990;2;6;4;2;0;5;0;L1101029;1942;1973;x
6 コンスタンティン・バロン・フォンディジョン・フォン・モンテトン;1101030;GER;1943;1990;1990;1990;3;6;48;1;0;5;0;L1101030;1943;1944;x
4 ルドルフ・ディンター;1101031;GER;1944;1944;1990;1990;2;4;1;0;0;5;0;L1101031;1944;1965;x
7 マックス・フォン・ディリンクショーフェン;1101032;GER;1941;1943;1990;1990;3;7;514;2;0;5;0;L1101032;1941;1959;x
6 ヴィルヘルム・フォン・ディットフルト;1101033;GER;1943;1990;1990;1990;3;6;0;1;0;5;0;L1101033;1943;1949;x
6 ルートヴィッヒ・ディットマイヤー;1101034;GER;1943;1990;1990;1990;3;6;0;1;0;5;0;L1101034;1943;1972;x
5 ゲオルク・フォン・ドーヘレン;1101035;GER;1941;1990;1990;1990;3;5;0;0;0;5;0;L1101035;1941;1965;x
5 オスカー・ドッピング;1101036;GER;1943;1990;1990;1990;3;5;0;1;0;5;0;L1101036;1943;1974;x
6 ベルント・フォン・ドアーリンク;1101037;GER;1944;1990;1990;1990;3;6;0;1;0;5;0;L1101037;1943;1944;x
4 ハンス・ドーア;1101038;GER;1944;1990;1990;1990;3;4;0;0;0;5;0;L1101038;1944;1960;x
6 ハインリヒ・グラーフ・ツー・ドーナ・シュロビッテン;1101039;GER;1942;1990;1990;1990;3;6;8;1;0;5;0;L1101039;1942;1943;x
6 ハインリヒ・ドマンスキー;1101040;GER;1944;1990;1990;1990;3;6;0;2;0;5;0;L1101040;1944;1945;x
5 カール・ドルマーゲン;1101041;GER;1943;1990;1990;1990;3;5;2;1;0;5;0;L1101041;1943;1969;x
5 ヘルムート・ドルン;1101042;GER;1945;1990;1990;1990;3;5;0;0;0;5;0;L1101042;1945;1961;x
5 ロベルト・リッター・フォン・ドゼアー;1101043;GER;1943;1990;1990;1990;3;5;1;1;0;5;0;L1101043;1942;1943;x
6 モーリッツ・フォン・ドレブバー;1101044;GER;1943;1990;1990;1990;3;6;8;1;0;5;0;L1101044;1943;1968;x
6 パウル・ドレクマン;1101045;GER;1943;1944;1990;1990;2;6;2;2;0;5;0;L1101045;1943;1960;x
5 ルートヴィッヒ・ドリーズ;1101046;GER;1941;1990;1990;1990;3;5;0;1;0;5;0;L1101046;1941;1945;x
6 フリードリヒ・ドレシャー;1101047;GER;1945;1990;1990;1990;3;6;0;1;0;5;0;L1101047;1945;1984;x
8 オットー・ドレシャー;1101048;GER;1941;1943;1990;1990;2;8;0;2;0;5;0;L1101048;1941;1960;x
6 ルドルフ・ドレスラー;1101049;GER;1943;1990;1990;1990;3;6;0;1;0;5;0;L1101049;1943;1953;x
6 ヴァルター・ドゥローブニク;1101050;GER;1941;1990;1990;1990;3;6;0;0;0;5;0;L1101050;1941;1957;x
6 フリードリヒ・デュメレイン;1101051;GER;1940;1941;1990;1990;2;6;4;2;0;5;0;L1101051;1940;1948;x
6 ヴェルナー・デュアーキング;1101052;GER;1944;1944;1990;1990;2;6;0;1;0;5;0;L1101052;1943;1944;x
7 グスタフ・デュレンステイン;1101053;GER;1945;1990;1990;1990;3;7;0;1;0;5;0;L1101053;1944;1945;x
5 ヴァルター・ディビラス;1101054;GER;1942;1990;1990;1990;3;5;0;1;0;5;0;L1101054;1942;1950;x
6 フリッツ・エーベリング;1101055;GER;1941;1990;1990;1990;3;6;0;1;0;5;0;L1101055;1941;1970;x
6 クヌート・エーベルディング;1101056;GER;1943;1990;1990;1990;3;6;0;1;0;5;0;L1101056;1943;1978;x
5 クルト・エーベルハルト;1101057;GER;1941;1990;1990;1990;3;5;0;1;0;5;0;L1101057;1941;1947;x
4 クルト・エーベルツ;1101058;GER;1941;1990;1990;1990;3;4;32;1;0;5;0;L1101058;1941;1967;x
5 カール・エブナー;1101059;GER;1939;1990;1990;1990;3;5;1;1;0;5;0;L1101059;1939;1942;x
5 エドゥアルト・エッカルト;1101060;GER;1943;1990;1990;1990;3;5;0;1;0;5;0;L1101060;1943;1959;x
7 ハインリヒ・エックハルト;1101061;GER;1943;1944;1990;1990;2;7;16;1;0;5;0;L1101061;1943;1945;x
6 オスカー・エックホルト;1101062;GER;1944;1990;1990;1990;3;6;64;1;0;5;0;L1101062;1944;1982;x
6 カール・エデルマン;1101063;GER;1941;1943;1990;1990;2;6;2;2;0;5;0;L1101063;1941;1971;x
4 ハンス＝ヨハヒム・エラート;1101064;GER;1944;1990;1990;1990;3;4;0;0;0;5;0;L1101064;1944;1966;x
6 ハンス・エーレンバーグ;1101065;GER;1941;1990;1990;1990;3;6;0;2;0;5;0;L1101065;1941;1947;x
6 リヒャルト・エーリック;1101066;GER;1941;1990;1990;1990;3;6;4;1;0;5;0;L1101066;1941;1968;x
6 ヴェルナー・エーリック;1101067;GER;1944;1944;1990;1990;2;6;0;2;0;5;0;L1101067;1944;1987;x
5 マックス・アイヒシュタット;1101068;GER;1941;1990;1990;1990;3;5;4;1;0;5;0;L1101068;1940;1941;x
6 ヴェルナー・フォン・アイヒステット;1101069;GER;1944;1990;1990;1990;3;6;2;2;0;5;0;L1101069;1943;1944;x
5 ロベルト・アイムラー;1101070;GER;1944;1990;1990;1990;3;5;66;1;0;5;0;L1101070;1944;1960;x
5 エーリヒ・アイゼンバッハ;1101071;GER;1943;1990;1990;1990;3;5;1;0;0;5;0;L1101071;1943;1964;x
5 エルンスト＝ゲオルク・フォン・アイゼンハート＝ローテ;1101072;GER;1942;1990;1990;1990;3;5;0;1;0;5;0;L1101072;1942;1987;x
6 ヘルムート・アイゼンスタック;1101073;GER;1942;1990;1990;1990;3;6;64;1;0;5;0;L1101073;1942;1959;x
6 オットー・エルフェルト;1101074;GER;1943;1943;1990;1990;2;6;80;2;0;5;0;L1101074;1943;1982;x
6 ボート・エルスター;1101075;GER;1943;1990;1990;1990;3;6;2;1;0;5;0;L1101075;1943;1952;x
6 ヴォルフガング・エルスター;1101076;GER;1943;1990;1990;1990;3;6;0;2;0;5;0;L1101076;1943;1944;x
7 ハラルド・フライヘル・フォン・エルヴァーフェルト;1101077;GER;1943;1945;1990;1990;2;7;130;2;0;5;0;L1101077;1943;1945;x
5 ゲルハルト・フォン・エンクヴォルト;1101078;GER;1941;1990;1990;1990;3;5;0;1;0;5;0;L1101078;1941;1945;x
7 ゲルハルト・エンゲル;1101079;GER;1944;1945;1990;1990;2;7;20;1;0;5;0;L1101079;1944;1976;x
6 ヨアヒム・エンゲル;1101080;GER;1944;1990;1990;1990;3;6;0;1;0;5;0;L1101080;1944;1948;x
5 アルフレート・エンゲルハルト;1101081;GER;1942;1990;1990;1990;3;5;32;1;0;5;0;L1101081;1942;1974;x
5 グスタフ・エンケ;1101082;GER;1945;1990;1990;1990;3;5;0;0;0;5;0;L1101082;1945;1954;x
6 ゴットフリート・フォン・エルトマンスドルフ;1101083;GER;1942;1990;1990;1990;3;6;4;2;0;5;0;L1101083;1942;1946;x
5 ハインリヒ・エルラー;1101084;GER;1942;1990;1990;1990;3;5;0;1;0;5;0;L1101084;1942;1946;x
6 テオドール・アーテル;1101085;GER;1941;1990;1990;1990;3;6;0;1;0;5;0;L1101085;1941;1961;x
6 ウォルフ・エバート;1101086;GER;1945;1990;1990;1990;3;6;2;1;0;5;0;L1101086;1945;1994;x
6 カール・ファビウンケ;1101087;GER;1943;1990;1990;1990;3;6;0;1;0;5;0;L1101087;1943;1980;x
6 エーベルハルト・フォン・ファブリス＝ファルク;1101088;GER;1942;1944;1990;1990;2;6;0;1;0;5;0;L1101088;1942;1964;x
6 エルンスト・ファエケンステット;1101089;GER;1942;1943;1990;1990;2;6;4;2;0;5;0;L1101089;1942;1961;x
4 ヴィルヘルム・ファエッシンク;1101090;GER;1942;1990;1990;1990;3;4;0;0;0;5;0;L1101090;1942;1945;x
5 エーリヒ・フライヘル・フォン・ファルケンシュタイン;1101091;GER;1941;1990;1990;1990;3;5;512;1;0;5;0;L1101091;1941;1945;x
6 ハンス・フライヘル・フォン・ファルケンシュタイン;1101092;GER;1943;1943;1990;1990;2;6;0;1;0;5;0;L1101092;1943;1980;x
7 ヴィルヘルム・フォーリー;1101093;GER;1943;1944;1990;1990;2;7;2;2;0;5;0;L1101093;1943;1944;x
7 カール・フォーレンバッハ;1101094;GER;1942;1943;1990;1990;2;7;0;2;0;5;0;L1101094;1942;1971;x
6 フランツ・フェーン;1101095;GER;1941;1990;1990;1990;3;6;16;2;0;5;0;L1101095;1941;1972;x
5 パウル・フォン・フェルバート;1101096;GER;1943;1990;1990;1990;3;5;128;1;0;5;0;L1101096;1943;1973;x
6 グスタフ・フェラー;1101097;GER;1944;1990;1990;1990;3;6;128;2;0;5;0;L1101097;1944;1945;x
6 エドガー・フェウチュティンガー;1101098;GER;1943;1944;1990;1990;2;6;128;3;0;5;0;L1101098;1943;1960;x
7 ゲルハルト・ファイヤーベント;1101099;GER;1944;1945;1990;1990;2;7;2;3;0;5;0;L1101099;1944;1965;x
5 セバスチャン・フィクトナー;1101100;GER;1942;1943;1990;1990;2;5;160;1;0;5;0;L1101100;1942;1950;x
6 ハインツ・フィービヒ;1101101;GER;1944;1990;1990;1990;3;6;0;1;0;5;0;L1101101;1944;1964;x
5 エーリヒ・フィードラー;1101102;GER;1942;1990;1990;1990;3;5;0;0;0;5;0;L1101102;1942;1960;x
6 アーサー・フィンガー;1101103;GER;1944;1945;1990;1990;2;6;16;1;0;5;0;L1101103;1944;1945;x
5 アドルフ・フィッシャー;1101104;GER;1944;1990;1990;1990;3;5;2;1;0;5;0;L1101104;1944;1947;x
6 ゲルハルト・フィッシャー;1101105;GER;1944;1990;1990;1990;3;6;0;1;0;5;0;L1101105;1944;1967;x
6 ゴットハルト・フィッシャー;1101106;GER;1943;1944;1990;1990;2;6;64;1;0;5;0;L1101106;1943;1969;x
6 ヘルマン・フィッシャー;1101107;GER;1943;1943;1990;1990;2;6;0;0;0;5;0;L1101107;1943;1968;x
6 カール・フィッシャー;1101108;GER;1941;1990;1990;1990;3;6;0;1;0;5;0;L1101108;1941;1957;x
5 テオドール・フィッシャー;1101109;GER;1942;1990;1990;1990;3;5;0;1;0;5;0;L1101109;1942;1949;x
5 ハンス・フィッツラフ;1101110;GER;1943;1990;1990;1990;3;5;64;1;0;5;0;L1101110;1943;1980;x
4 エーリヒ・フォン・フロトー;1101111;GER;1939;1990;1990;1990;3;4;512;1;0;5;0;L1101111;1939;1940;x
5 クルト・フォルスター;1101114;GER;1942;1990;1990;1990;3;5;0;1;0;5;0;L1101114;1942;1962;x
6 ルートヴィッヒ・フリッケ;1101115;GER;1944;1990;1990;1990;3;6;128;2;0;5;0;L1101115;1944;1967;x
6 ヘルムート・フリーベ;1101116;GER;1942;1943;1990;1990;2;6;8;1;0;5;0;L1101116;1942;1970;x
7 ヴェルナー・フリーベ;1101117;GER;1944;1990;1990;1990;3;7;129;1;0;5;0;L1101117;1944;1962;x
5 ヴァルター・フリードリチュ;1101118;GER;1939;1990;1990;1990;3;5;0;1;0;5;0;L1101118;1939;1942;x
7 ゲオルク・フリーメル;1101119;GER;1941;1990;1990;1990;3;7;256;2;0;5;0;L1101119;1941;1977;x
6 ゴットフリート・フレーリッヒ;1101120;GER;1943;1990;1990;1990;3;6;144;2;0;5;0;L1101120;1943;1959;x
6 ヴェルナー・フロエマート;1101121;GER;1944;1990;1990;1990;3;6;0;1;0;5;0;L1101121;1943;1944;x
6 ヴェルナー・フロッシャー;1101122;GER;1945;1990;1990;1990;3;6;2;1;0;5;0;L1101122;1945;1959;x
5 ペーター・フライヘル・フォン・フライダク;1101123;GER;1941;1990;1990;1990;3;5;512;1;0;5;0;L1101123;1941;1942;x
5 エゴン・フクス;1101124;GER;1940;1990;1990;1990;3;5;0;0;0;5;0;L1101124;1939;1940;x
6 ウィリー・フォン・フクス;1101125;GER;1942;1990;1990;1990;3;6;0;1;0;5;0;L1101125;1942;1955;x
5 ハインリヒ・リッター・フォン・フクトバウアー;1101126;GER;1941;1990;1990;1990;3;5;513;1;0;5;0;L1101126;1941;1947;x
6 フリードリヒ・フェルスター;1101127;GER;1941;1942;1990;1990;2;6;0;1;0;5;0;L1101127;1941;1956;x
6 フリッツ・フルライド;1101128;GER;1945;1990;1990;1990;3;6;2;1;0;5;0;L1101128;1945;1969;x
5 ハインツ・ファーバッハ;1101129;GER;1944;1990;1990;1990;3;5;1;1;0;5;0;L1101129;1944;1968;x
6 ハインリヒ・ゲイトク;1101130;GER;1944;1990;1990;1990;3;6;0;1;0;5;0;L1101130;1944;1992;x
6 ハインリヒ・ゲーデ;1101131;GER;1944;1990;1990;1990;3;6;1;1;0;5;0;L1101131;1944;1983;x
6 フリッツ・ゲーディッケ;1101132;GER;1944;1990;1990;1990;3;6;0;2;0;5;0;L1101132;1944;1970;x
6 フランツ・ガル;1101133;GER;1943;1944;1990;1990;2;6;0;1;0;5;0;L1101133;1943;1944;x
6 パウル・ガレス;1101134;GER;1944;1990;1990;1990;3;6;2;1;0;5;0;L1101134;1943;1944;x
5 ウト・ガルウィッツ;1101135;GER;1943;1990;1990;1990;3;5;0;0;0;5;0;L1101135;1942;1943;x
6 ヴェルナー・フォン・ガルウィッツ;1101136;GER;1943;1944;1990;1990;2;6;0;2;0;5;0;L1101136;1943;1944;x
6 オイゲン・ガルスキー;1101137;GER;1942;1990;1990;1990;3;6;4;2;0;5;0;L1101137;1941;1942;x
5 ハンス・ガウル;1101138;GER;1942;1990;1990;1990;3;5;0;1;0;5;0;L1101138;1942;1957;x
6 アルトゥール・ゲバウアー;1101139;GER;1942;1990;1990;1990;3;6;0;1;0;5;0;L1101139;1942;1969;x
5 ヴェルナー・ゲブ;1101140;GER;1944;1990;1990;1990;3;5;2;1;0;5;0;L1101140;1944;1952;x
6 フランツ・ガイガー;1101141;GER;1943;1945;1990;1990;2;6;0;1;0;5;0;L1101141;1943;1945;x
6 ルドルフ・ガイガー;1101142;GER;1944;1990;1990;1990;3;6;0;2;0;5;0;L1101142;1944;1972;x
4 ヘルマン・ジェイス;1101143;GER;1942;1990;1990;1990;3;4;0;0;0;5;0;L1101143;1942;1958;x
6 エーリヒ・ガイスラー;1101144;GER;1945;1990;1990;1990;3;6;2;1;0;5;0;L1101144;1945;1967;x
5 クルト・フォン・ガイトナー;1101145;GER;1944;1990;1990;1990;3;5;32;1;0;5;0;L1101145;1944;1968;x
5 フリードリヒ・ゲンプフ;1101146;GER;1941;1990;1990;1990;3;5;2;1;0;5;0;L1101146;1941;1946;x
5 パウル・ゲニー;1101147;GER;1942;1990;1990;1990;3;5;1;1;0;5;0;L1101147;1942;1948;x
5 リヒャルト・ゲオルギ;1101148;GER;1944;1990;1990;1990;3;5;0;1;0;5;0;L1101148;1944;1965;x
5 アレクサンダー・ゲルバー;1101149;GER;1942;1990;1990;1990;3;5;0;0;0;5;0;L1101149;1942;1952;x
7 エルンスト・ゲルケ;1101150;GER;1941;1943;1990;1990;2;7;0;1;0;5;0;L1101150;1941;1973;x
5 エルウィン・ゲルラック;1101151;GER;1943;1990;1990;1990;3;5;0;1;0;5;0;L1101151;1943;1957;x
5 ブルーノ・ゲルロック;1101152;GER;1945;1990;1990;1990;3;5;64;1;0;5;0;L1101152;1945;1954;x
6 ウルリッヒ・フォン・ゲルマー;1101153;GER;1941;1990;1990;1990;3;6;0;1;0;5;0;L1101153;1941;1948;x
6 クルト・ゲロク;1101154;GER;1943;1944;1990;1990;2;6;4;2;0;5;0;L1101154;1943;1946;x
5 カート＝ウルリッヒ・フォン・ゲルスドルフ;1101155;GER;1945;1990;1990;1990;3;5;1;1;0;5;0;L1101155;1945;1968;x
6 ゲロ・フォン・ゲルスドルフ;1101156;GER;1943;1990;1990;1990;3;6;0;1;0;5;0;L1101156;1943;1967;x
6 ルドルフ＝クリストフ・フォン・ゲルスドルフ;1101157;GER;1945;1990;1990;1990;3;6;2;1;0;5;0;L1101157;1945;1980;x
5 クルト・ゲシュワントナー;1101158;GER;1942;1990;1990;1990;3;5;0;1;0;5;0;L1101158;1942;1953;x
6 エッカート・フォン・ガイソ;1101159;GER;1942;1990;1990;1990;3;6;0;2;0;5;0;L1101159;1942;1982;x
5 ブルーノ・ギエフラッチ;1101160;GER;1941;1990;1990;1990;3;5;0;0;0;5;0;L1101160;1941;1963;x
5 カール・ギエス;1101161;GER;1945;1990;1990;1990;3;5;0;0;0;5;0;L1101161;1945;1980;x
5 エーリヒ・ギーセン;1101162;GER;1944;1990;1990;1990;3;5;16;1;0;5;0;L1101162;1944;1950;x
6 グスタフ・ギハー;1101163;GER;1943;1990;1990;1990;3;6;2;1;0;5;0;L1101163;1943;1959;x
6 マルティン・ギルバート;1101164;GER;1940;1942;1990;1990;2;6;16;3;0;5;0;L1101164;1940;1959;x
6 ヨハネス・ギットナー;1101165;GER;1944;1990;1990;1990;3;6;32;1;0;5;0;L1101165;1944;1974;x
6 アントン・グラスル;1101166;GER;1945;1990;1990;1990;3;6;0;1;0;5;0;L1101166;1945;1965;x
5 エーリヒ・グロドコウスキー;1101167;GER;1941;1990;1990;1990;3;5;0;1;0;5;0;L1101167;1941;1958;x
6 ギュンター・フォン・ゲッケル;1101168;GER;1941;1990;1990;1990;3;6;0;2;0;5;0;L1101168;1941;1979;x
5 オットー・フォン・ゲールデル;1101169;GER;1941;1990;1990;1990;3;5;0;0;0;5;0;L1101169;1941;1967;x
5 マルティン・ゴシュ;1101170;GER;1943;1990;1990;1990;3;5;0;1;0;5;0;L1101170;1943;1945;x
5 アレクンダー・ゴシェン;1101171;GER;1942;1943;1990;1990;2;5;1;1;0;5;0;L1101171;1942;1970;x
6 ハインリヒ・ゲッツ;1101172;GER;1944;1945;1990;1990;2;6;4;2;0;5;0;L1101172;1944;1960;x
5 ルドルフ・ゴルツシュ;1101173;GER;1944;1990;1990;1990;3;5;0;0;0;5;0;L1101173;1944;1974;x
6 エルンスト・ゴネルー;1101174;GER;1944;1990;1990;1990;3;6;64;1;0;5;0;L1101174;1944;1968;x
7 ヴァルター・ゴーン;1101175;GER;1944;1990;1990;1990;3;7;160;3;0;5;0;L1101175;1944;1968;x
6 ラインホルト・ゴシュシェ;1101176;GER;1943;1990;1990;1990;3;6;128;1;0;5;0;L1101176;1943;1945;x
5 フリードリヒ＝カール・ゴットシャルク;1101177;GER;1944;1990;1990;1990;3;5;0;0;0;5;0;L1101177;1944;1960;x
5 ハンス・フォン・グラーヴェニッツ;1101178;GER;1942;1944;1990;1990;2;5;1;1;0;5;0;L1101178;1942;1963;x
6 エルンスト・グラウェ;1101179;GER;1945;1990;1990;1990;3;6;64;1;0;5;0;L1101179;1945;1966;x
4 ゲルハルト・グラスマン;1101180;GER;1943;1990;1990;1990;3;4;0;0;0;5;0;L1101180;1943;1975;x
5 ハンス・グラフェンスタイン;1101181;GER;1945;1990;1990;1990;3;5;64;1;0;5;0;L1101181;1945;1947;x
7 フランツ・グリースバッハ;1101182;GER;1944;1990;1990;1990;3;7;8;3;0;5;0;L1101182;1944;1984;x
5 フランツ＝ヨーゼフ・グローブホルツ;1101183;GER;1942;1990;1990;1990;3;5;0;0;0;5;0;L1101183;1942;1952;x
7 カール＝アルブレヒト・フォン・グローデック;1101184;GER;1943;1944;1990;1990;2;7;4;3;0;5;0;L1101184;1943;1960;x
5 ペーター・フォン・デア・グレーベン;1101185;GER;1945;1990;1990;1990;3;5;128;1;0;5;0;L1101185;1945;2002;x
5 エゴン・グレーネベルト;1101186;GER;1942;1990;1990;1990;3;5;0;0;0;5;0;L1101186;1942;1945;x
5 オズウィン・グロリク;1101187;GER;1943;1990;1990;1990;3;5;0;1;0;5;0;L1101187;1943;1944;x
7 ヘルムート・フォン・グロールマン;1101188;GER;1943;1944;1990;1990;2;7;20;1;0;5;0;L1101188;1943;1977;x
6 エルンスト・グロシュフ;1101189;GER;1941;1942;1990;1990;2;6;0;1;0;5;0;L1101189;1941;1964;x
5 エーリヒ・グロッセ;1101190;GER;1942;1990;1990;1990;3;5;4;1;0;5;0;L1101190;1941;1942;x
6 ヴァルター・グロッセ;1101191;GER;1943;1990;1990;1990;3;6;0;1;0;5;0;L1101191;1943;1969;x
6 ヘルマン・グローテ;1101192;GER;1945;1990;1990;1990;3;6;0;1;0;5;0;L1101192;1945;1959;x
6 エーリヒ・グルーナー;1101193;GER;1943;1990;1990;1990;3;6;4;2;0;5;0;L1101193;1943;1944;x
6 カール・ガンベル;1101194;GER;1942;1943;1990;1990;2;6;0;2;0;5;0;L1101194;1942;1970;x
6 ヴァルター・フォン・グエンデル;1101195;GER;1941;1943;1990;1990;2;6;0;1;0;5;0;L1101195;1941;1973;x
5 エーリヒ・ギュンター;1101196;GER;1944;1990;1990;1990;3;5;16;1;0;5;0;L1101196;1943;1944;x
5 オットー・ガルマン;1101197;GER;1941;1943;1990;1990;2;5;0;0;0;5;0;L1101197;1941;1963;x
6 ヘルベルト・ガンデラシュ;1101198;GER;1945;1990;1990;1990;3;6;32;1;0;5;0;L1101198;1945;1971;x
6 エミール＝ハインリヒ・ガンツェルマン;1101199;GER;1938;1941;1990;1990;2;6;0;2;0;5;0;L1101199;1938;1975;x
4 リヒャルト・フォン・グソヴィウス;1101200;GER;1942;1990;1990;1990;3;4;0;0;0;5;0;L1101200;1941;1942;x
6 クルト・ギュット;1101201;GER;1943;1990;1990;1990;3;6;0;1;0;5;0;L1101201;1942;1943;x
6 アルフレート・ギュトケネクト;1101202;GER;1942;1990;1990;1990;3;6;32;3;0;5;0;L1101202;1942;1946;x
6 ハインツ・フォン・ガイルデンフェルト;1101203;GER;1942;1944;1990;1990;2;6;4;1;0;5;0;L1101203;1942;1971;x
6 ゲルラッハ・フォン・ガウデッカー＝ツーヒ;1101204;GER;1944;1990;1990;1990;3;6;128;1;0;5;0;L1101204;1944;1970;x
5 ルドルフ・ハーベニヒト;1101205;GER;1941;1943;1990;1990;2;5;1;1;0;5;0;L1101205;1941;1980;x
4 ゲオルク・ハウブレイン;1101206;GER;1939;1990;1990;1990;3;4;513;1;0;5;0;L1101206;1939;1943;x
5 オスカー・フォン・デム・ハーゲン;1101207;GER;1940;1990;1990;1990;3;5;0;1;0;5;0;L1101207;1939;1940;x
4 ヨハネス・ハーン;1101208;GER;1943;1990;1990;1990;3;4;1;0;0;5;0;L1101208;1943;1970;x
5 ハンス・フォン・ハンシュタイン;1101209;GER;1942;1990;1990;1990;3;5;0;0;0;5;0;L1101209;1942;1975;x
6 マルティン・ハルトマン;1101210;GER;1943;1990;1990;1990;3;6;64;1;0;5;0;L1101210;1943;1971;x
4 ヴィルヘルム・ハルトマン;1101211;GER;1941;1945;1990;1990;2;4;64;0;0;5;0;L1101211;1941;1963;x
6 ヘルマン・ハルトマン;1101212;GER;1943;1990;1990;1990;3;6;0;0;0;5;0;L1101212;1943;1953;x
5 クルト・ハーゼルロフ;1101213;GER;1943;1990;1990;1990;3;5;4;1;0;5;0;L1101213;1943;1978;x
7 ジークフリート・ハッス;1101214;GER;1944;1944;1990;1990;2;7;6;2;0;5;0;L1101214;1944;1987;x
5 エーリヒ・ハウガー;1101215;GER;1942;1990;1990;1990;3;5;1;1;0;5;0;L1101215;1942;1961;x
5 ハンス＝ヨアヒム・ハウプト;1101216;GER;1942;1990;1990;1990;3;5;544;1;0;5;0;L1101216;1941;1942;x
6 ゲオルク・ハウス;1101217;GER;1944;1990;1990;1990;3;6;2;1;0;5;0;L1101217;1944;1975;x
5 クルト・ハウシュルツ;1101218;GER;1944;1990;1990;1990;3;5;0;1;0;5;0;L1101218;1944;1975;x
5 ウォルフ＝リュディガー・ハウサー;1101219;GER;1944;1990;1990;1990;3;5;128;1;0;5;0;L1101219;1944;1965;x
5 カール・ハウサー;1101220;GER;1941;1990;1990;1990;3;5;0;0;0;5;0;L1101220;1941;1943;x
6 ヴィルヘルム・ハーヴェルカンプ;1101221;GER;1941;1990;1990;1990;3;6;0;2;0;5;0;L1101221;1941;1972;x
6 ハインリヒ・ハックス;1101222;GER;1945;1990;1990;1990;3;6;128;2;0;5;0;L1101222;1945;1969;x
7 ハンス・ヘッカー;1101223;GER;1944;1990;1990;1990;3;7;128;2;0;5;0;L1101223;1944;1979;x
5 ハンス・ヘデリッヒ;1101224;GER;1941;1990;1990;1990;3;5;512;0;0;5;0;L1101224;1941;1965;x
6 レオポルド・ヘデリッヒ;1101225;GER;1942;1990;1990;1990;3;6;520;1;0;5;0;L1101225;1942;1953;x
6 ヴィルヘルム・ヘデリッヒ;1101226;GER;1942;1944;1990;1990;2;6;0;1;0;5;0;L1101226;1942;1975;x
5 ヴィルヘルム・ハイダー;1101227;GER;1944;1990;1990;1990;3;5;2;1;0;5;0;L1101227;1944;1966;x
6 オットー・ハイトケンペル;1101228;GER;1943;1944;1990;1990;2;6;128;1;0;5;0;L1101228;1943;1969;x
5 フリッツ・ハイドリヒ;1101229;GER;1943;1990;1990;1990;3;5;0;0;0;5;0;L1101229;1943;1945;x
6 フーベルトゥス＝マリア・フォン・ハイグル;1101230;GER;1945;1990;1990;1990;3;6;4;2;0;5;0;L1101230;1945;1985;x
6 ジークフリート・ハイネ;1101231;GER;1945;1990;1990;1990;3;6;1;1;0;5;0;L1101231;1945;1975;x
6 リヒャルト・フォン・ハイネクツィウス;1101232;GER;1940;1941;1990;1990;2;6;2;2;0;5;0;L1101232;1940;1943;x
5 アルフレート・ハイジック;1101233;GER;1945;1990;1990;1990;3;5;0;1;0;5;0;L1101233;1944;1945;x
6 ヴォルラス・フォン・ヘラマン;1101234;GER;1944;1990;1990;1990;3;6;16;2;0;5;0;L1101234;1944;1971;x
4 リヒャルト・ヘルミヒ;1101235;GER;1944;1990;1990;1990;3;4;0;1;0;5;0;L1101235;1943;1944;x
5 ハンス・ヘルウィック;1101236;GER;1943;1990;1990;1990;3;5;1;1;0;5;0;L1101236;1943;1973;x
6 エーリヒ・ヘンペル;1101237;GER;1945;1990;1990;1990;3;6;0;1;0;5;0;L1101237;1945;1981;x
6 カール・ヘンケ;1101238;GER;1944;1990;1990;1990;3;6;2;2;0;5;0;L1101238;1944;1945;x
5 ゲルハルト・ヘンケ;1101239;GER;1943;1990;1990;1990;3;5;0;1;0;5;0;L1101239;1943;1990;x
6 ヴィルヘルム・フォン・ヘニング;1101240;GER;1943;1990;1990;1990;3;6;0;1;0;5;0;L1101240;1943;1969;x
6 ルドルフ・ヘンリツィ;1101241;GER;1942;1990;1990;1990;3;6;64;1;0;5;0;L1101241;1942;1971;x
6 ヴァルデマール・ヘンリツィ;1101242;GER;1940;1941;1990;1990;3;6;516;3;0;5;0;L1101242;1940;1943;x
5 パウル・ヘルベスト;1101243;GER;1942;1990;1990;1990;3;5;0;1;0;5;0;L1101243;1941;1942;x
6 オットー・ヘルフート;1101244;GER;1943;1990;1990;1990;3;6;4;2;0;5;0;L1101244;1943;1944;x
6 カール・ヘルネカンプ;1101245;GER;1943;1944;1990;1990;2;6;0;1;0;5;0;L1101245;1943;1965;x
5 ヴァルター・ヘロルド;1101246;GER;1944;1990;1990;1990;3;5;192;1;0;5;0;L1101246;1943;1944;x
4 ハンス・ハーマン;1101247;GER;1942;1990;1990;1990;3;4;0;1;0;5;0;L1101247;1942;1953;x
6 パウル・ハーマン;1101248;GER;1942;1990;1990;1990;3;6;0;0;0;5;0;L1101248;1942;1974;x
5 パウル・ラインホルト・ハーマン;1101249;GER;1944;1990;1990;1990;3;5;1;0;0;5;0;L1101249;1944;1980;x
6 フリッツ・ヘルツシュ;1101250;GER;1941;1990;1990;1990;3;6;4;2;0;5;0;L1101250;1940;1941;x
5 ゲルハルト・ヘッセルバッハ;1101251;GER;1943;1990;1990;1990;3;5;1;0;0;5;0;L1101251;1943;1986;x
6 ヴェルナー・ホイケ;1101252;GER;1944;1945;1990;1990;2;6;64;1;0;5;0;L1101252;1944;1983;x
7 ヴィルヘルム・ホイ;1101253;GER;1944;1944;1990;1990;2;7;2;3;0;5;0;L1101253;1944;1986;x
6 ヴェルナー・ハイデン;1101254;GER;1944;1990;1990;1990;3;6;0;0;0;5;0;L1101254;1943;1944;x
5 ベルンハルト・ハイデンライヒ;1101255;GER;1943;1990;1990;1990;3;5;0;1;0;5;0;L1101255;1943;1978;x
6 ラルフ・フォン・ハイゲンドルフ;1101256;GER;1943;1945;1990;1990;2;6;4;1;0;5;0;L1101256;1943;1953;x
6 フリードリヒ・ハイル;1101257;GER;1941;1990;1990;1990;3;6;0;2;0;5;0;L1101257;1941;1957;x
6 ヴァルター・ハイネ;1101258;GER;1943;1943;1990;1990;2;6;64;1;0;5;0;L1101258;1943;1967;x
5 クルト・ハイサー;1101259;GER;1943;1990;1990;1990;3;5;2;1;0;5;0;L1101259;1943;1974;x
5 エドガー・ハイバー;1101260;GER;1943;1990;1990;1990;3;5;0;0;0;5;0;L1101260;1942;1943;x
5 ヘルムート・ハイペ;1101261;GER;1942;1990;1990;1990;3;5;0;1;0;5;0;L1101261;1942;1959;x
6 ユリアン・ヒルデブラント;1101262;GER;1942;1990;1990;1990;3;6;0;0;0;5;0;L1101262;1942;1953;x
5 フリッツ・ヒルデマン;1101263;GER;1941;1943;1990;1990;2;5;0;1;0;5;0;L1101263;1941;1975;x
6 ヴェルナー・フォン・ヒルデブラント;1101264;GER;1945;1990;1990;1990;3;6;8;1;0;5;0;L1101264;1945;1971;x
5 カール・ヒンツェ;1101265;GER;1942;1990;1990;1990;3;5;512;1;0;5;0;L1101265;1942;1943;x
5 ブルーノ・ヒップレル;1101266;GER;1942;1990;1990;1990;3;5;4;2;0;5;0;L1101266;1941;1942;x
6 ハラルド・フォン・ヒルシェフェルト;1101267;GER;1945;1945;1990;1990;2;6;260;2;0;5;0;L1101267;1944;1945;x
4 ヨハネス・ホッホバウム;1101268;GER;1942;1990;1990;1990;3;4;0;1;0;5;0;L1101268;1942;1943;x
5 ゲオルク・ホッチェル;1101269;GER;1944;1990;1990;1990;3;5;0;1;0;5;0;L1101269;1943;1944;x
5 ルドルフ・ヘーファー;1101270;GER;1944;1990;1990;1990;3;5;0;0;0;5;0;L1101270;1944;1961;x
6 ヘルマン・ホルター;1101271;GER;1944;1945;1990;1990;2;6;264;1;0;5;0;L1101271;1944;1989;x
5 ヨハネス・ホルツ;1101272;GER;1945;1990;1990;1990;3;5;16;1;0;5;0;L1101272;1944;1945;x
4 フランツ・フォン・ホラウフ;1101273;GER;1940;1990;1990;1990;3;4;0;0;0;5;0;L1101273;1940;1957;x
5 マクシミリアン・ホルマン;1101274;GER;1942;1990;1990;1990;3;5;0;1;0;5;0;L1101274;1942;1972;x
6 ハンス・フォン・ホッスリン;1101275;GER;1930;1941;1990;1990;2;6;256;2;0;5;0;L1101275;1930;1947;x
5 フーベルト・フォン・ホッスリン;1101276;GER;1943;1990;1990;1990;3;5;0;1;0;5;0;L1101276;1943;1968;x
4 ハインリヒ・ホフマン;1101277;GER;1940;1990;1990;1990;3;4;0;0;0;5;0;L1101277;1940;1969;x
5 クルト・ホフマン;1101278;GER;1942;1943;1990;1990;2;5;0;1;0;5;0;L1101278;1942;1981;x
5 マックス・ホフマン;1101279;GER;1942;1990;1990;1990;3;5;1;1;0;5;0;L1101279;1942;1957;x
6 パウル・ホフマン;1101280;GER;1941;1990;1990;1990;3;6;0;1;0;5;0;L1101280;1941;1979;x
6 ギュンター・ホフマン＝シェーンボーン;1101281;GER;1944;1990;1990;1990;3;6;4;2;0;5;0;L1101281;1944;1970;x
6 フリードリヒ・ホフマン;1101282;GER;1942;1943;1990;1990;2;6;2;2;0;5;0;L1101282;1942;1975;x
5 ヘルムート・フォン・ホフマン;1101283;GER;1942;1990;1990;1990;3;5;0;0;0;5;0;L1101283;1942;1964;x
6 ルドルフ・ホフマン;1101284;GER;1942;1943;1945;1990;1;6;0;1;0;5;0;L1101284;1942;1970;x
5 ゲオルク・ホフマイスター;1101285;GER;1944;1990;1990;1990;3;5;0;0;0;5;0;L1101285;1944;1959;x
5 ハインリヒ・ホフメイヤー;1101286;GER;1942;1990;1990;1990;3;5;16;1;0;5;0;L1101286;1941;1942;x
8 ヘルマン・ホーン;1101287;GER;1944;1945;1990;1990;2;8;18;3;0;5;0;L1101287;1944;1968;x
5 ノルベルト・ホルム;1101288;GER;1944;1990;1990;1990;3;5;4;2;0;5;0;L1101288;1944;1962;x
7 ルドルフ・ホルステ;1101289;GER;1944;1945;1990;1990;2;7;128;3;0;5;0;L1101289;1944;1970;x
6 ハンス＝ヘニング・フォン・ホルツェンドルフ;1101290;GER;1944;1990;1990;1990;3;6;128;1;0;5;0;L1101290;1944;1982;x
5 ヴォルフガング・フォン・ホルウェデ;1101291;GER;1943;1990;1990;1990;3;5;0;1;0;5;0;L1101291;1943;1969;x
5 フリッツ＝ヴィルヘルム・ホルツハウアー;1101292;GER;1945;1990;1990;1990;3;5;128;1;0;5;0;L1101292;1945;1982;x
5 ヴェルナー・ホルツハウゼン;1101293;GER;1942;1990;1990;1990;3;5;0;1;0;5;0;L1101293;1942;1960;x
6 アドリアン・ファン・デア・フープ;1101294;GER;1944;1990;1990;1990;3;6;258;2;0;5;0;L1101294;1944;1967;x
5 ヘルマン・ホプフ;1101295;GER;1930;1940;1990;1990;3;5;32;1;0;5;0;L1101295;1930;1953;x
6 ハリー・ホッペ;1101296;GER;1941;1943;1990;1990;2;6;3;2;0;5;0;L1101296;1941;1969;x
6 ハンス＝ヨアヒム・フォン・ホルン;1101297;GER;1942;1943;1990;1990;2;6;32;1;0;5;0;L1101297;1942;1994;x
5 ヴァルター・ホッスフェルト;1101298;GER;1942;1990;1990;1990;3;5;0;0;0;5;0;L1101298;1942;1964;x
6 オットー・ホツ;1101299;GER;1942;1990;1990;1990;3;6;0;1;0;5;0;L1101299;1942;1953;x
5 クルト・フーべナー;1101300;GER;1942;1990;1990;1990;3;5;1;1;0;5;0;L1101300;1942;1953;x
5 ルドルフ・フーべナー;1101301;GER;1943;1945;1990;1990;2;5;4;2;0;5;0;L1101301;1943;1965;x
6 ボート・グラーフ・フォン・ヒュルゼン;1101302;GER;1943;1944;1990;1990;2;6;2;1;0;5;0;L1101302;1943;1980;x
5 テオドール・フォン・ヒュルスト;1101303;GER;1942;1990;1990;1990;3;5;512;1;0;5;0;L1101303;1942;1943;x
5 ルドルフ・ヒューネルマン;1101304;GER;1943;1944;1990;1990;2;5;0;1;0;5;0;L1101304;1943;1955;x
5 マクシミリアン・ヒューンテン;1101305;GER;1944;1990;1990;1990;3;5;16;1;0;5;0;L1101305;1944;1965;x
5 オットー・フォン・ヒューペンデン;1101306;GER;1941;1990;1990;1990;3;5;576;1;0;5;0;L1101306;1941;1944;x
4 ゲルハルト・ヒュトヘアー;1101307;GER;1944;1990;1990;1990;3;4;0;1;0;5;0;L1101307;1944;1955;x
8 ヘルムート・フーフェンバッハ;1101308;GER;1945;1990;1990;1990;3;8;0;1;0;5;0;L1101308;1944;1945;x
6 グスタフ・フント;1101309;GER;1944;1945;1990;1990;2;6;4;2;0;5;0;L1101309;1944;1945;x
6 アルフレート・ハイデン;1101310;GER;1945;1990;1990;1990;3;6;0;1;0;5;0;L1101310;1945;1991;x
5 クルト・フンメル;1101311;GER;1945;1990;1990;1990;3;5;128;1;0;5;0;L1101311;1945;1959;x
5 マックス・ハンゼン;1101312;GER;1945;1990;1990;1990;3;5;128;1;0;5;0;L1101312;1945;1990;x
6 フーゴ・イッセン;1101313;GER;1940;1990;1990;1990;3;6;64;1;0;5;0;L1101313;1940;1971;x
5 マックス・イルゲン;1101314;GER;1943;1990;1990;1990;3;5;0;1;0;5;0;L1101314;1942;1943;x
6 ヘルムート・フォン・イルゼンマン;1101315;GER;1945;1990;1990;1990;3;6;4;1;0;5;0;L1101315;1945;1957;x
5 ヴェルナー・ヤコブ;1101316;GER;1942;1990;1990;1990;3;5;0;1;0;5;0;L1101316;1941;1942;x
5 アルフレート・ヤコビ;1101317;GER;1941;1943;1990;1990;2;5;2;1;0;5;0;L1101317;1941;1972;x
5 フェリックス・ヤコビ;1101318;GER;1941;1990;1990;1990;3;5;0;0;0;5;0;L1101318;1941;1960;x
5 ハインリヒ・ヤコブセン;1101319;GER;1943;1990;1990;1990;3;5;0;1;0;5;0;L1101319;1943;1952;x
4 フリッツ・ヤーン;1101320;GER;1943;1990;1990;1990;3;4;0;1;0;5;0;L1101320;1943;1964;x
5 マクシミリアン・ヤイス;1101321;GER;1942;1990;1990;1990;3;5;256;1;0;5;0;L1101321;1942;1957;x
6 カール・ヤンケ;1101322;GER;1944;1945;1990;1990;2;6;0;2;0;5;0;L1101322;1944;1975;x
5 ヘルマン・ヤノフスキー;1101323;GER;1942;1990;1990;1990;3;5;32;1;0;5;0;L1101323;1942;1949;x
5 ルドルフ・ヤンセン;1101324;GER;1941;1990;1990;1990;3;5;0;0;0;5;0;L1101324;1941;1952;x
4 ヨハン・ヤヌシュ;1101325;GER;1937;1990;1990;1990;3;4;0;1;0;5;0;L1101325;1937;1952;x
5 ヘルマン・ヤッツォウ;1101326;GER;1941;1990;1990;1990;3;5;1;1;0;5;0;L1101326;1941;1943;x
6 フリードリヒ＝ヴィルヘルム・ヨーン;1101327;GER;1942;1943;1990;1990;2;6;0;1;0;5;0;L1101327;1942;1982;x
5 ヴィルヘルム・ヨラス;1101328;GER;1945;1990;1990;1990;3;5;0;1;0;5;0;L1101328;1945;1955;x
6 エルウィン・ヨラッセ;1101329;GER;1943;1945;1990;1990;2;6;132;3;0;5;0;L1101329;1943;1987;x
5 ゲルハルト・ヨルダン;1101330;GER;1942;1990;1990;1990;3;5;2;1;0;5;0;L1101330;1942;1964;x
6 ヴァルター・ヨースト;1101331;GER;1943;1944;1990;1990;2;6;18;1;0;5;0;L1101331;1943;1945;x
4 エルンスト・ユンクリンク;1101332;GER;1943;1990;1990;1990;3;4;0;0;0;5;0;L1101332;1943;1945;x
5 ハンス・ユンク;1101333;GER;1943;1945;1990;1990;2;5;0;0;0;5;0;L1101333;1943;1966;x
5 ヴィルヘルム・ユンク;1101334;GER;1940;1990;1990;1990;3;5;0;1;0;5;0;L1101334;1940;1953;x
5 ハンス・ユッペ;1101335;GER;1940;1942;1990;1990;2;5;1;1;0;5;0;L1101335;1940;1973;x
6 エミール・ユスト;1101336;GER;1942;1990;1990;1990;3;6;0;1;0;5;0;L1101336;1942;1947;x
6 ホルスト・カドジアン;1101337;GER;1944;1990;1990;1990;3;6;64;1;0;5;0;L1101337;1944;1980;x
6 ハンス・カルナー;1101338;GER;1943;1944;1990;1990;2;6;128;3;0;5;0;L1101338;1943;1945;x
5 エルンスト・カエサー;1101339;GER;1945;1990;1990;1990;3;5;2;2;0;5;0;L1101339;1945;1999;x
6 エルンスト・ケーラー;1101340;GER;1945;1990;1990;1990;3;6;128;1;0;5;0;L1101340;1945;2000;x
5 エーリヒ・ケスニッツ;1101341;GER;1943;1990;1990;1990;3;5;256;1;0;5;0;L1101341;1942;1943;x
5 ヨハネス・ケリエービ;1101342;GER;1943;1990;1990;1990;3;5;0;1;0;5;0;L1101342;1943;1965;x
5 オットー＝ティーレ・フォン・カルム;1101343;GER;1941;1990;1990;1990;3;5;64;1;0;5;0;L1101343;1941;1986;x
5 フリードリヒ・カンメル;1101344;GER;1942;1990;1990;1990;3;5;0;0;0;5;0;L1101344;1941;1942;x
5 ヴェルナー・カンプフェンケル;1101345;GER;1943;1990;1990;1990;3;5;64;0;0;5;0;L1101345;1943;1977;x
5 ハンス・フォン・カーニッツ;1101346;GER;1942;1990;1990;1990;3;5;16;1;0;5;0;L1101346;1942;1968;x
4 ハインリヒ・カーネンジエッサー;1101347;GER;1937;1941;1990;1990;2;4;0;0;0;5;0;L1101347;1937;1970;x
6 フランツ・カール;1101348;GER;1935;1941;1990;1990;2;6;0;2;0;5;0;L1101348;1935;1964;x
5 ヒューゴ・カール;1101349;GER;1942;1990;1990;1990;2;5;2;2;0;5;0;L1101349;1942;1944;x
5 エルウィン・カシュナー;1101350;GER;1945;1990;1990;1990;3;5;4;1;0;5;0;L1101350;1945;1973;x
6 ハインツ・カットナー;1101351;GER;1943;1990;1990;1990;3;6;2;1;0;5;0;L1101351;1943;1945;x
6 ゲルハルト・ケクレル;1101352;GER;1944;1990;1990;1990;3;6;0;1;0;5;0;L1101352;1944;1986;x
5 ヴィルヘルム・カイパー;1101353;GER;1943;1990;1990;1990;3;5;1;1;0;5;0;L1101353;1943;1957;x
5 カール・ケルトシュ;1101354;GER;1942;1990;1990;1990;3;5;0;0;0;5;0;L1101354;1942;1966;x
5 ジークフリート・ケンプフ;1101355;GER;1944;1990;1990;1990;3;5;0;1;0;5;0;L1101355;1944;1964;x
6 ヴェルナー・ケネス;1101356;GER;1944;1990;1990;1990;3;6;0;1;0;5;0;L1101356;1944;1957;x
5 フーゴ・キール;1101357;GER;1943;1990;1990;1990;3;5;0;0;0;5;0;L1101357;1943;1944;x
5 エマニュエル・フォン・キリアニ;1101358;GER;1945;1990;1990;1990;3;5;0;0;0;5;0;L1101358;1945;1974;x
6 エーベルハルト・キンゼル;1101359;GER;1943;1943;1945;1990;1;6;32;1;0;5;0;L1101359;1943;1945;x
6 エーリヒ・フォン・キルヒバッハ;1101360;GER;1942;1990;1990;1990;3;6;0;1;0;5;0;L1101360;1942;1944;x
5 ハリー・フォン・キルヒバッハ・アウフ・ラターバッハ;1101361;GER;1944;1944;1990;1990;2;5;0;1;0;5;0;L1101361;1944;1945;x
4 ヴィルヘルム・キルヘンパウアー・フォン・キルヒドルフ;1101362;GER;1943;1990;1990;1990;3;4;0;0;0;5;0;L1101362;1943;1960;x
6 ルートヴィッヒ・キルヒナー;1101363;GER;1945;1990;1990;1990;3;6;4;2;0;5;0;L1101363;1944;1945;x
6 ハンス・キッセル;1101364;GER;1945;1990;1990;1990;3;6;2;2;0;5;0;L1101364;1945;1975;x
5 フリッツ・キストナー;1101365;GER;1943;1990;1990;1990;3;5;0;1;0;5;0;L1101365;1943;1945;x
6 フリードリヒ・キッテル;1101366;GER;1945;1990;1990;1990;3;6;16;1;0;5;0;L1101366;1945;1973;x
7 ハインリヒ・キッテル;1101367;GER;1942;1944;1990;1990;2;7;0;3;0;5;0;L1101367;1942;1969;x
6 ギュンター・クラムト;1101368;GER;1944;1990;1990;1990;3;6;0;3;0;5;0;L1101368;1944;1971;x
5 エルンスト・クラシンク;1101369;GER;1945;1990;1990;1990;3;5;0;1;0;5;0;L1101369;1945;1977;x
6 ヘルムート・クライカンプ;1101370;GER;1945;1990;1990;1990;3;6;0;1;0;5;0;L1101370;1945;1985;x
5 カール・クレイン;1101371;GER;1944;1990;1990;1990;3;5;0;0;0;5;0;L1101371;1944;1970;x
4 フリードリヒ・クラインハンス;1101372;GER;1941;1990;1990;1990;3;4;0;0;0;5;0;L1101372;1941;1948;x
6 アドルフ・フォン・クライスト;1101373;GER;1938;1940;1990;1990;2;6;16;1;0;5;0;L1101373;1938;1957;x
5 クーノ・クレム;1101374;GER;1943;1990;1990;1990;2;5;8;1;0;5;0;L1101374;1943;1945;x
7 エルンスト・クレップ;1101375;GER;1942;1944;1990;1990;2;7;17;1;0;5;0;L1101375;1942;1958;x
4 エミール・クリエ;1101376;GER;1941;1990;1990;1990;3;4;0;1;0;5;0;L1101376;1941;1949;x
5 ヨアヒム・フォン・クリンコストローム;1101377;GER;1943;1990;1990;1990;3;5;0;1;0;5;0;L1101377;1943;1955;x
6 エーリヒ・クリンベイル;1101378;GER;1940;1942;1990;1990;2;6;512;1;0;5;0;L1101378;1940;1953;x
5 オットー・クリスツ;1101379;GER;1942;1944;1990;1990;2;5;0;0;0;5;0;L1101379;1942;1971;x
5 カール・クロッケンブリンク;1101380;GER;1945;1990;1990;1990;3;5;4;1;0;5;0;L1101380;1945;1978;x
6 ベルンハルト・クロステルケンパー;1101381;GER;1944;1990;1990;1990;3;6;2;2;0;5;0;L1101381;1944;1962;x
5 カール・クロツ;1101382;GER;1945;1990;1990;1990;3;5;0;1;0;5;0;L1101382;1945;1990;x
5 エルンスト・クラッグ;1101383;GER;1943;1990;1990;1990;3;5;0;0;0;5;0;L1101383;1943;1944;x
6 エドゥアルト・クルトマン;1101384;GER;1938;1942;1990;1990;2;6;1;1;0;5;0;L1101384;1938;1942;x
5 グスタフ・ゲオルク・クナーベ;1101385;GER;1945;1990;1990;1990;3;5;0;1;0;5;0;L1101385;1945;1972;x
5 ハンス・フォン・クナウアー;1101386;GER;1943;1990;1990;1990;3;5;0;0;0;5;0;L1101386;1943;1944;x
6 エルンスト・クネーベル;1101387;GER;1945;1990;1990;1990;3;6;4;2;0;5;0;L1101387;1944;1945;x
5 エルンスト＝リヒャルト・クネヒト;1101388;GER;1941;1990;1990;1990;3;5;0;0;0;5;0;L1101388;1940;1941;x
6 ゲオルク・フォン・デム・クネスベック;1101389;GER;1930;1937;1990;1990;2;6;0;1;0;5;0;L1101389;1930;1955;x
4 ヴァルター・クノブラウヒ;1101390;GER;1941;1990;1990;1990;3;4;0;1;0;5;0;L1101390;1941;1969;x
5 ハンス・クノエツァー;1101391;GER;1942;1990;1990;1990;3;5;1;1;0;5;0;L1101391;1942;1969;x
5 ヴィルヘルム・クヌペッル;1101392;GER;1945;1990;1990;1990;3;5;128;0;0;5;0;L1101392;1945;1968;x
5 ハンス・クヌース;1101393;GER;1941;1942;1990;1990;2;5;514;1;0;5;0;L1101393;1941;1945;x
6 アーサー・コーブス;1101394;GER;1940;1942;1990;1990;2;6;516;2;0;5;0;L1101394;1940;1945;x
6 ヘルムート・コッホ;1101395;GER;1941;1942;1990;1990;2;6;0;1;0;5;0;L1101395;1941;1945;x
6 ヴィクトール・コッホ;1101396;GER;1942;1942;1990;1990;2;6;0;1;0;5;0;L1101396;1941;1942;x
6 カール＝エリック・コーラー;1101397;GER;1942;1943;1944;1990;1;6;34;3;0;5;0;L1101397;1942;1958;x
5 オットー・コーラー;1101398;GER;1942;1990;1990;1990;3;5;4;1;0;5;0;L1101398;1941;1942;x
6 ハンス・コエリッツ;1101399;GER;1944;1990;1990;1990;3;6;128;1;0;5;0;L1101399;1944;1974;x
5 ゲルハルト・ケルナー;1101400;GER;1939;1990;1990;1990;3;5;0;0;0;5;0;L1101400;1939;1941;x
6 カール＝テオドール・ケルナー;1101401;GER;1944;1990;1990;1990;3;6;0;0;0;5;0;L1101401;1944;1973;x
5 パウル＝ウィリ・ケルナー;1101402;GER;1937;1939;1990;1990;2;5;0;1;0;5;0;L1101402;1937;1952;x
6 ペーター・ケルテ;1101403;GER;1945;1990;1990;1990;3;6;16;2;0;5;0;L1101403;1945;1947;x
6 グスタフ・コール;1101404;GER;1941;1990;1990;1990;3;6;0;1;0;5;0;L1101404;1941;1949;x
4 オットー・コール;1101405;GER;1939;1941;1990;1990;3;4;0;0;0;5;0;L1101405;1939;1972;x
6 ヴィルヘルム・コーラー;1101406;GER;1943;1944;1990;1990;2;6;2;2;0;5;0;L1101406;1943;1968;x
4 ハインリヒ・コンケ;1101407;GER;1942;1990;1990;1990;3;4;0;1;0;5;0;L1101407;1942;1945;x
5 パウル・コワルト;1101408;GER;1944;1990;1990;1990;3;5;64;1;0;5;0;L1101408;1943;1944;x
7 ハインツ・ココット;1101409;GER;1945;1990;1990;1990;3;7;8;1;0;5;0;L1101409;1945;1976;x
6 ヴェルナー・コルブ;1101410;GER;1945;1990;1990;1990;3;6;0;1;0;5;0;L1101410;1945;1975;x
6 リヒャルト・コル;1101411;GER;1943;1945;1990;1990;2;6;128;1;0;5;0;L1101411;1943;1963;x
6 ボート・コルベルク;1101412;GER;1944;1990;1990;1990;3;6;0;2;0;5;0;L1101412;1943;1944;x
6 ヘルマン・コニッキイ;1101413;GER;1943;1990;1990;1990;3;6;0;1;0;5;0;L1101413;1943;1973;x
5 アーサー・コップ;1101414;GER;1944;1990;1990;1990;3;5;0;1;0;5;0;L1101414;1944;1979;x
5 ヴィルヘルム・コッペ;1101415;GER;1943;1990;1990;1990;3;5;1;1;0;5;0;L1101415;1943;1949;x
6 フリッツ・コレバー;1101416;GER;1941;1943;1990;1990;2;6;0;1;0;5;0;L1101416;1941;1966;x
5 ハインツ・コルテ;1101417;GER;1942;1990;1990;1990;3;5;0;0;0;5;0;L1101417;1942;1980;x
5 フリッツ・コルトゥム;1101418;GER;1943;1990;1990;1990;3;5;64;1;0;5;0;L1101418;1943;1950;x
6 カール・コスク;1101419;GER;1944;1990;1990;1990;3;6;64;1;0;5;0;L1101419;1944;1945;x
6 ヴァルター・コサック;1101420;GER;1942;1990;1990;1990;3;6;64;1;0;5;0;L1101420;1942;1971;x
6 ゲオルク・コスマラー;1101421;GER;1945;1990;1990;1990;3;6;0;1;0;5;0;L1101421;1944;1945;x
5 カール＝リヒャルト・コスマン;1101422;GER;1945;1990;1990;1990;3;5;4;1;0;5;0;L1101422;1945;1969;x
6 リヒャルト・コッツェ;1101423;GER;1944;1990;1990;1990;3;6;0;1;0;5;0;L1101423;1944;1960;x
6 エーヴァルト・クラエバー;1101424;GER;1944;1990;1990;1990;3;6;128;1;0;5;0;L1101424;1944;1969;x
6 マティアス・クロイトラー;1101425;GER;1944;1990;1990;1990;3;6;256;1;0;5;0;L1101425;1944;1968;x
8 ディートリッヒ・クライス;1101426;GER;1941;1942;1990;1990;2;8;3;4;0;5;0;L1101426;1941;1970;x
6 アウグスト・クラカウ;1101427;GER;1942;1943;1990;1990;2;6;264;1;0;5;0;L1101427;1942;1975;x
6 ハインリヒ・クランプ;1101428;GER;1939;1941;1990;1990;2;6;0;1;0;5;0;L1101428;1939;1963;x
5 ルドルフ・クランツ;1101429;GER;1930;1930;1990;1990;2;5;512;1;0;5;0;L1101429;1930;1941;x
6 ギュンター・クラッペ;1101430;GER;1942;1943;1990;1990;2;6;0;1;0;5;0;L1101430;1942;1981;x
6 ハンス・クラツェルト;1101431;GER;1930;1938;1990;1990;2;6;64;1;0;5;0;L1101431;1930;1958;x
5 エルンスト・フォン・クラウス;1101432;GER;1943;1990;1990;1990;3;5;0;0;0;5;0;L1101432;1943;1960;x
5 ヨハネス・クラウゼ;1101433;GER;1943;1990;1990;1990;3;5;0;1;0;5;0;L1101433;1943;1978;x
6 ヴァルター・クラウゼ;1101434;GER;1942;1943;1990;1990;2;6;4;1;0;5;0;L1101434;1942;1960;x
5 アルベルト・クラウソルド;1101435;GER;1940;1990;1990;1990;3;5;64;1;0;5;0;L1101435;1940;1946;x
6 ヴィルヘルム・クラウト;1101436;GER;1943;1990;1990;1990;3;6;0;1;0;5;0;L1101436;1942;1943;x
7 フランツ・クレッチ;1101437;GER;1942;1944;1990;1990;2;7;2;2;0;5;0;L1101437;1942;1970;x
6 ハインリヒ・クレイペ;1101438;GER;1943;1990;1990;1990;3;6;32;2;0;5;0;L1101438;1943;1976;x
5 カート・フォン・クレンキ;1101439;GER;1938;1939;1990;1990;2;5;0;1;0;5;0;L1101439;1938;1962;x
6 ハンス・クレッペル;1101440;GER;1945;1990;1990;1990;3;6;320;1;0;5;0;L1101440;1945;1985;x
6 ヘルマン・クレッス;1101441;GER;1942;1943;1990;1990;3;6;256;1;0;5;0;L1101441;1942;1943;x
6 アルフレート・クレッチマー;1101442;GER;1942;1946;1990;1990;2;6;1;1;0;5;0;L1101442;1942;1967;x
5 テオドール・クレッチマー;1101443;GER;1945;1990;1990;1990;3;5;132;1;0;5;0;L1101443;1945;1986;x
6 フリードリヒ・フォン・クリーベル;1101444;GER;1941;1990;1990;1990;3;6;0;0;0;5;0;L1101444;1941;1964;x
6 ハンス・クリーガー;1101445;GER;1942;1990;1990;1990;3;6;0;1;0;5;0;L1101445;1942;1960;x
5 ヨーゼフ・クリーガー;1101446;GER;1944;1990;1990;1990;3;5;0;1;0;5;0;L1101446;1944;1949;x
6 フリードリヒ・クライシャー・エドラー・フォン・ウェレッグ;1101447;GER;1939;1941;1990;1990;2;6;0;1;0;5;0;L1101447;1939;1944;x
6 ヘルムート・フォン・クロップフ;1101448;GER;1939;1990;1990;1990;3;6;0;1;0;5;0;L1101448;1939;1946;x
5 オットマー・クリュペル;1101449;GER;1945;1990;1990;1990;3;5;0;2;0;5;0;L1101449;1945;1992;x
6 ルートヴィッヒ・クルーク;1101450;GER;1944;1990;1990;1990;3;6;0;0;0;5;0;L1101450;1944;1972;x
5 ヘルマン・クルーゼ;1101451;GER;1941;1990;1990;1990;3;5;0;0;0;5;0;L1101451;1941;1962;x
6 クルト・クルーゼ;1101452;GER;1943;1944;1990;1990;2;6;0;1;0;5;0;L1101452;1943;1983;x
5 フェルディナント・クケイン;1101453;GER;1940;1942;1990;1990;2;5;32;0;0;5;0;L1101453;1940;1972;x
6 ヨーゼフ・クプラー;1101454;GER;1943;1944;1990;1990;2;6;256;1;0;5;0;L1101454;1943;1946;x
5 クラウス・クール;1101455;GER;1945;1990;1990;1990;3;5;0;1;0;5;0;L1101455;1945;1952;x
5 フリードリヒ・クールウェイン;1101456;GER;1942;1943;1990;1990;2;5;2;1;0;5;0;L1101456;1942;1972;x
6 クルト・キューメ;1101457;GER;1944;1990;1990;1990;3;6;0;2;0;5;0;L1101457;1943;1944;x
6 フリードリヒ・キューン;1101458;GER;1940;1942;1943;1990;1;6;128;3;0;5;0;L1101458;1940;1944;x
3 ゲオルク・キューン;1101459;GER;1930;1937;1990;1990;2;3;0;0;0;5;0;L1101459;1930;1945;x
6 フリッツ・キューネ;1101460;GER;1930;1936;1990;1990;2;6;16;1;0;5;0;L1101460;1930;1944;x
6 ゲルハルト・キューネ;1101461;GER;1943;1944;1990;1990;2;6;0;1;0;5;0;L1101461;1943;1948;x
5 ハンス・キュッパー;1101462;GER;1942;1990;1990;1990;3;5;0;0;0;5;0;L1101462;1942;1946;x
5 アウグスト＝ヴィルヘルム・キュスター;1101463;GER;1942;1990;1990;1990;3;5;0;0;0;5;0;L1101463;1941;1942;x
6 ルドルフ・キュット;1101464;GER;1943;1990;1990;1990;3;6;0;1;0;5;0;L1101464;1943;1949;x
6 アルフレート・クーネルト;1101465;GER;1945;1990;1990;1990;3;6;4;1;0;5;0;L1101465;1945;1977;x
5 ハインリヒ・フォン・クンマー;1101466;GER;1941;1990;1990;1990;3;5;0;1;0;5;0;L1101466;1941;1951;x
4 オットー・クンツェ;1101467;GER;1941;1990;1990;1990;3;4;0;0;0;5;0;L1101467;1941;1942;x
6 フリードリヒ・クンゼ;1101468;GER;1941;1990;1990;1990;3;6;64;1;0;5;0;L1101468;1941;1967;x
4 ヴィルヘルム・クンゼ;1101469;GER;1943;1990;1990;1990;3;4;0;1;0;5;0;L1101469;1943;1960;x
5 ヘルマン・クプリオン;1101470;GER;1930;1941;1990;1990;2;5;0;1;0;5;0;L1101470;1930;1951;x
5 エルンスト・フォン・クルナトウスキー;1101471;GER;1942;1990;1990;1990;3;5;1;0;0;5;0;L1101471;1942;1944;x
6 エーベルハルト・フォン・クロウスキー;1101472;GER;1942;1943;1990;1990;3;6;4;2;0;5;0;L1101472;1942;1957;x
5 アルフレート・クルツ;1101473;GER;1939;1942;1990;1990;2;5;0;1;0;5;0;L1101473;1939;1963;x
5 カール・フォン・クルツ;1101474;GER;1943;1990;1990;1990;3;5;2;1;0;5;0;L1101474;1943;1946;x
5 フリードリヒ・クッシン;1101475;GER;1943;1990;1990;1990;3;5;32;1;0;5;0;L1101475;1943;1944;x
6 アルフレート・クズマニィ;1101476;GER;1945;1990;1990;1990;3;6;4;1;0;5;0;L1101476;1945;1961;x
6 ヘルムート・レーゲラー;1101477;GER;1945;1990;1990;1990;3;6;128;2;0;5;0;L1101477;1945;1972;x
6 ハンス・レーゲンフェルダー;1101478;GER;1945;1990;1990;1990;3;6;2;2;0;5;0;L1101478;1945;1982;x
5 エルウィン・ラホウセン;1101479;GER;1945;1990;1990;1990;3;5;2;1;0;5;0;L1101479;1945;1955;x
6 フーベルトゥス・ラミー;1101480;GER;1944;1990;1990;1990;3;6;0;1;0;5;0;L1101480;1944;1981;x
5 クリスティアン・ランドウ;1101481;GER;1945;1990;1990;1990;3;5;1;1;0;5;0;L1101481;1945;1952;x
6 フランツ・ランドグラフ;1101482;GER;1940;1942;1990;1990;2;6;128;1;0;5;0;L1101482;1940;1944;x
6 フリードリヒ・ラング;1101483;GER;1944;1990;1990;1990;3;6;0;1;0;5;0;L1101483;1944;1945;x
5 ゲオルク・ラング;1101484;GER;1939;1990;1990;1990;3;5;0;0;0;5;0;L1101484;1939;1940;x
6 ヴィクトル・ラング;1101485;GER;1942;1943;1990;1990;2;6;0;3;0;5;0;L1101485;1942;1972;x
5 クルト・ランゲ;1101486;GER;1944;1990;1990;1990;3;5;0;0;0;5;0;L1101486;1944;1967;x
6 ヴォルフガング・ラング;1101487;GER;1941;1944;1990;1990;2;6;0;1;0;5;0;L1101487;1941;1988;x
6 ルドルフ・ラングハウサー;1101488;GER;1945;1990;1990;1990;3;6;1;1;0;5;0;L1101488;1945;1976;x
5 ヴィリィ・ラングカイト;1101489;GER;1945;1990;1990;1990;3;5;132;2;0;5;0;L1101489;1945;1969;x
6 ヘリベルト・フォン・ラリッシュ;1101490;GER;1944;1944;1990;1990;2;6;2;1;0;5;0;L1101490;1944;1952;x
5 エルンスト＝アウグスト・ラッセン;1101491;GER;1942;1990;1990;1990;3;5;0;1;0;5;0;L1101491;1942;1949;x
5 エグモント・レブサンフト;1101492;GER;1944;1990;1990;1990;3;5;0;0;0;5;0;L1101492;1944;1955;x
5 アドルフ・レヒナー;1101493;GER;1939;1942;1990;1990;2;5;64;1;0;5;0;L1101493;1939;1943;x
5 ハインリヒ・レヒナー;1101494;GER;1941;1990;1990;1990;3;5;0;0;0;5;0;L1101494;1941;1959;x
5 レオポルド・フォン・レデブール;1101495;GER;1930;1930;1930;1990;1;5;512;1;0;5;0;L1101495;1930;1951;x
5 ハンス＝アルブレヒト・レーマン;1101496;GER;1943;1990;1990;1990;3;5;0;0;0;5;0;L1101496;1943;1976;x
6 ヨーゼフ・レーマン;1101497;GER;1939;1941;1990;1990;2;6;0;0;0;5;0;L1101497;1939;1971;x
5 エルウィン・レイスター;1101498;GER;1939;1941;1990;1990;2;5;0;0;0;5;0;L1101498;1939;1969;x
4 カール・フォン・レイスター;1101499;GER;1940;1941;1990;1990;2;4;0;0;0;5;0;L1101499;1940;1952;x
6 ヘルベルト・レムケ;1101500;GER;1941;1944;1990;1990;2;6;0;1;0;5;0;L1101500;1941;1945;x
5 マックス・レムケ;1101501;GER;1945;1990;1990;1990;3;5;128;1;0;5;0;L1101501;1945;1985;x
6 フーベルト・レンドレ;1101502;GER;1942;1943;1990;1990;3;6;4;1;0;5;0;L1101502;1942;1970;x
5 ヴィルヘルム・フォン・レンゲルケ;1101503;GER;1942;1990;1990;1990;3;5;16;1;0;5;0;L1101503;1941;1942;x
6 ギュンター・レオポルド;1101504;GER;1943;1990;1990;1990;3;6;0;0;0;5;0;L1101504;1942;1943;x
5 ヴァルデマール・フォン・レオプレシング;1101505;GER;1942;1990;1990;1990;3;5;0;0;0;5;0;L1101505;1942;1947;x
6 リヒャルト・レッパー;1101506;GER;1943;1990;1990;1990;3;6;1;0;0;5;0;L1101506;1942;1943;x
5 カール・フォン・レルスナー;1101507;GER;1943;1990;1990;1990;3;5;0;1;0;5;0;L1101507;1942;1943;x
4 パウル・レットウ;1101508;GER;1942;1990;1990;1990;3;4;0;1;0;5;0;L1101508;1942;1972;x
6 ヴァルター・レウゼ;1101509;GER;1942;1990;1990;1990;3;6;2;2;0;5;0;L1101509;1942;1964;x
5 ハンス・ライヤーズ;1101510;GER;1943;1990;1990;1990;3;5;0;1;0;5;0;L1101510;1943;1981;x
6 ハンス＝ゲオルク・ライザー;1101511;GER;1942;1990;1990;1990;3;6;2;1;0;5;0;L1101511;1942;1980;x
5 ルドルフ＝エドゥアルト;1101512;GER;1942;1944;1990;1990;2;5;128;1;0;5;0;L1101512;1942;1978;x
6 クルト・フォン・リーベンシュタイン;1101513;GER;1943;1990;1990;1990;3;6;128;1;0;5;0;L1101513;1943;1975;x
4 ハンス・リエバー;1101514;GER;1930;1937;1990;1990;2;4;0;0;0;5;0;L1101514;1930;1952;x
5 フリードリヒ＝ヴィルヘルム・リーグマン;1101515;GER;1941;1990;1990;1990;3;5;0;0;0;5;0;L1101515;1941;1973;x
5 クルト・リンデ;1101516;GER;1944;1990;1990;1990;3;5;0;0;0;5;0;L1101516;1944;1962;x
6 ジークフリート・フォン・デア・リンデ;1101517;GER;1942;1990;1990;1990;3;6;0;0;0;5;0;L1101517;1942;1978;x
6 フリッツ・リンデマン;1101518;GER;1942;1943;1990;1990;3;6;68;3;0;5;0;L1101518;1942;1944;x
6 ゲルハルト・リンデマン;1101519;GER;1944;1990;1990;1990;3;6;0;3;0;5;0;L1101519;1944;1994;x
5 ヴィルヘルム・リンデマン;1101520;GER;1940;1990;1990;1990;3;5;0;0;0;5;0;L1101520;1940;1943;x
4 マクシミリアン・リンデナウ;1101521;GER;1941;1990;1990;1990;3;4;0;0;0;5;0;L1101521;1941;1951;x
6 マックス・リンディグ;1101522;GER;1940;1942;1990;1990;2;6;64;1;0;5;0;L1101522;1940;1961;x
6 ゲルハルト・リンドナー;1101523;GER;1945;1990;1990;1990;3;6;4;1;0;5;0;L1101523;1945;1982;x
5 クルト・リンドナー;1101524;GER;1943;1990;1990;1990;3;5;0;1;0;5;0;L1101524;1943;1949;x
4 ヘルマン・リンケンバッハ;1101525;GER;1941;1990;1990;1990;3;4;16;1;0;5;0;L1101525;1941;1959;x
5 ヴィクトル・リンナルツ;1101526;GER;1943;1944;1990;1990;2;5;0;0;0;5;0;L1101526;1943;1979;x
4 フリードリヒ・フォン・デア・リッペ;1101527;GER;1930;1930;1990;1990;2;4;528;1;0;5;0;L1101527;1930;1956;x
5 ルドルフ・リッペルト;1101528;GER;1945;1990;1990;1990;3;5;16;1;0;5;0;L1101528;1944;1945;x
5 ウルリッヒ・リッス;1101529;GER;1944;1990;1990;1990;3;5;64;1;0;5;0;L1101529;1944;1968;x
5 ヨハネス・リッソ;1101530;GER;1944;1990;1990;1990;3;5;0;0;0;5;0;L1101530;1944;1980;x
4 オイゲン＝アレクサンダー・ローバッハ;1101531;GER;1945;1990;1990;1990;3;4;0;1;0;5;0;L1101531;1945;1963;x
5 マックス・フォン・ローフェン;1101532;GER;1942;1990;1990;1990;3;5;0;1;0;5;0;L1101532;1941;1942;x
4 パウル・ローヘニク;1101533;GER;1940;1990;1990;1990;3;4;0;0;0;5;0;L1101533;1940;1971;x
6 フリードリヒ＝ヴィルヘルム・フォン・ローペル;1101534;GER;1938;1940;1990;1990;2;6;128;1;0;5;0;L1101534;1938;1983;x
5 エーベルハルト・ローフェン;1101535;GER;1944;1990;1990;1990;3;5;0;1;0;5;0;L1101535;1943;1944;x
5 ルートヴィッヒ・ローウェネック;1101536;GER;1939;1941;1990;1990;2;5;0;0;0;5;0;L1101536;1939;1943;x
4 ゴットシャルク・フォン・レーベニヒ;1101537;GER;1943;1990;1990;1990;3;4;0;1;0;5;0;L1101537;1943;1960;x
7 カール・ローウェリック;1101538;GER;1943;1944;1990;1990;2;7;0;2;0;5;0;L1101538;1943;1945;x
6 ギュンター・ローマン;1101539;GER;1942;1943;1990;1990;2;6;0;1;0;5;0;L1101539;1942;1978;x
5 ハンス・ローマン;1101540;GER;1937;1941;1990;1990;2;5;0;2;0;5;0;L1101540;1937;1964;x
5 カール・ローマイアー;1101541;GER;1942;1990;1990;1990;3;5;0;0;0;5;0;L1101541;1941;1942;x
6 アーダルベルト・ロントシャー;1101542;GER;1941;1990;1990;1990;3;6;0;0;0;5;0;L1101542;1941;1947;x
4 ハンス＝リヒャルト・ローレンツ;1101543;GER;1941;1990;1990;1990;3;4;0;0;0;5;0;L1101543;1941;1968;x
6 カール・ローレンツ;1101544;GER;1944;1990;1990;1990;3;6;4;2;0;5;0;L1101544;1944;1964;x
5 ヴィルヘルム・ロレンツ;1101545;GER;1943;1990;1990;1990;3;5;0;1;0;5;0;L1101545;1942;1943;x
6 ベルンハルト・フォン・ロスベルク;1101546;GER;1944;1990;1990;1990;3;6;0;0;0;5;0;L1101546;1944;1965;x
6 クルト・ロットナー;1101547;GER;1945;1990;1990;1990;3;6;32;1;0;5;0;L1101547;1945;1957;x
5 ヴォルフ・フォン・ルックネル;1101548;GER;1944;1990;1990;1990;3;5;64;1;0;5;0;L1101548;1944;1971;x
4 ハートウィッグ・フォン・ルートヴィガー;1101549;GER;1943;1944;1990;1990;2;4;256;1;0;5;0;L1101549;1943;1947;x
6 ヴォルラタ・ルエッブ;1101550;GER;1942;1943;1990;1990;2;6;128;2;0;5;0;L1101550;1942;1969;x
6 オットー・リュデケ;1101551;GER;1943;1943;1990;1990;2;6;0;1;0;5;0;L1101551;1943;1971;x
5 ヒルマー・ルアー;1101552;GER;1941;1990;1990;1990;3;5;0;0;0;5;0;L1101552;1941;1962;x
6 ルドルフ・リュテルス;1101553;GER;1930;1938;1943;1990;1;6;256;1;0;5;0;L1101553;1930;1945;x
4 フーベルト・リュケンハウス;1101554;GER;1943;1990;1990;1990;3;4;0;0;0;5;0;L1101554;1943;1972;x
6 ハインリヒ・フォン・リュトヴィッツ;1101555;GER;1942;1943;1944;1990;1;6;130;1;0;5;0;L1101555;1942;1969;x
6 カール＝ハンス・ルンゲルスハウゼン;1101556;GER;1942;1943;1990;1990;2;6;0;0;0;5;0;L1101556;1942;1975;x
3 ルドルフ・ツ・デア・ルス;1101557;GER;1930;1990;1990;1990;3;3;0;0;0;5;0;L1101557;1930;1961;x
4 エルンスト・フォン・ルッツ;1101558;GER;1942;1990;1990;1990;3;4;0;1;0;5;0;L1101558;1942;1965;x
6 ヘルウィグ・ルツ;1101559;GER;1942;1944;1990;1990;2;6;0;0;0;5;0;L1101559;1942;1980;x
5 ロベルト・マチェール;1101560;GER;1945;1990;1990;1990;3;5;0;0;0;5;0;L1101560;1945;1949;x
4 エルウィン・マック;1101561;GER;1942;1990;1990;1990;3;4;1;1;0;5;0;L1101561;1941;1942;x
6 ヘルムート・マダー;1101562;GER;1945;1990;1990;1990;3;6;4;1;0;5;0;L1101562;1945;1984;x
6 エルンスト・メイゼル;1101563;GER;1943;1944;1990;1990;2;6;4;2;0;5;0;L1101563;1943;1978;x
5 ヘルマン・マンテル;1101564;GER;1940;1942;1990;1990;2;5;0;1;0;5;0;L1101564;1940;1955;x
5 フリードリヒ・フォン・マンテイ;1101565;GER;1943;1990;1990;1990;3;5;0;1;0;5;0;L1101565;1943;1955;x
6 ヴェルナー・マルクス;1101566;GER;1944;1945;1990;1990;2;6;4;1;0;5;0;L1101566;1944;1967;x
5 ヴィクトール・フォン・マルニッツ;1101567;GER;1943;1990;1990;1990;3;5;0;0;0;5;0;L1101567;1943;1960;x
6 エルンスト・マターン;1101568;GER;1944;1990;1990;1990;3;6;0;0;0;5;0;L1101568;1944;1962;x
6 アントン・レイヒャルト・フォン・マウチェンハイム・ゲナント・ベクトルシャイム;1101569;GER;1942;1943;1945;1990;1;6;4;3;0;5;0;L1101569;1942;1961;x
4 ハンス・フォン・メイヤー;1101570;GER;1939;1942;1990;1990;2;4;512;1;0;5;0;L1101570;1939;1955;x
7 ヨハネス・メイヤー;1101571;GER;1942;1943;1945;1990;1;7;34;2;0;5;0;L1101571;1942;1963;x
4 カール・メネルト;1101572;GER;1939;1941;1990;1990;2;4;0;1;0;5;0;L1101572;1939;1957;x
6 エルンスト・メイネルス;1101573;GER;1944;1990;1990;1990;3;6;1;1;0;5;0;L1101573;1944;1959;x
6 ギュンター・メインホルト;1101574;GER;1942;1990;1990;1990;3;6;1;1;0;5;0;L1101574;1942;1979;x
5 フリードリヒ＝ヴィルヘルム・フォン・メレンティン;1101575;GER;1944;1990;1990;1990;3;5;128;1;0;5;0;L1101575;1944;1997;x
5 ルドルフ・メルツァー;1101576;GER;1942;1945;1990;1990;2;5;0;1;0;5;0;L1101576;1942;1973;x
6 コンラート・メンケル;1101577;GER;1942;1943;1990;1990;2;6;0;1;0;5;0;L1101577;1942;1975;x
5 エルウィン・メニー;1101578;GER;1942;1943;1990;1990;2;5;16;1;0;5;0;L1101578;1942;1949;x
6 ルートヴィッヒ・メルカー;1101579;GER;1942;1943;1990;1990;2;6;4;1;0;5;0;L1101579;1942;1964;x
5 マックス・フォン・メルテンス;1101580;GER;1944;1990;1990;1990;3;5;0;1;0;5;0;L1101580;1944;1963;x
4 オスカー・メルテンス;1101581;GER;1941;1990;1990;1990;3;4;0;0;0;5;0;L1101581;1941;1948;x
6 エドゥアルト・メッツ;1101582;GER;1942;1944;1990;1990;2;6;0;2;0;5;0;L1101582;1942;1969;x
5 ヨーゼフ・メウサー;1101583;GER;1945;1990;1990;1990;3;5;0;1;0;5;0;L1101583;1945;1946;x
6 フリッツ・マイヤー;1101584;GER;1943;1990;1990;1990;3;6;0;1;0;5;0;L1101584;1943;1954;x
6 ヘルマン・マイヤー＝ラビンゲン;1101585;GER;1939;1941;1990;1990;2;6;4;1;0;5;0;L1101585;1939;1961;x
5 ヘルムート・ミヒャリク;1101586;GER;1944;1990;1990;1990;3;5;128;1;0;5;0;L1101586;1943;1944;x
6 ハンス・ミコシュ;1101587;GER;1944;1945;1990;1990;2;6;4;1;0;5;0;L1101587;1944;1993;x
5 アーダルベルト・ミクリッツ;1101588;GER;1941;1943;1990;1990;2;5;0;1;0;5;0;L1101588;1941;1958;x
4 レオポルド・ミリシュ;1101589;GER;1942;1990;1990;1990;3;4;0;0;0;5;0;L1101589;1942;1945;x
4 アレクサンダー・モッケル;1101590;GER;1945;1990;1990;1990;3;4;2;1;0;5;0;L1101590;1944;1945;x
5 クルト・モエリンク;1101591;GER;1944;1944;1990;1990;2;5;4;1;0;5;0;L1101591;1943;1944;x
4 アロイス・ヨーゼフ・フォン・モーロ;1101592;GER;1940;1942;1990;1990;2;4;0;2;0;5;0;L1101592;1940;1943;x
5 ゲオルク・モーリッツ;1101593;GER;1941;1990;1990;1990;3;5;0;0;0;5;0;L1101593;1941;1956;x
5 ハンス・フォン・デア・モーゼル;1101594;GER;1944;1990;1990;1990;3;5;64;1;0;5;0;L1101594;1944;1969;x
6 ウィリ・モーザー;1101595;GER;1939;1941;1942;1990;1;6;64;3;0;5;0;L1101595;1939;1948;x
6 カール・モイシズ;1101596;GER;1938;1941;1990;1990;2;6;0;0;0;5;0;L1101596;1939;1960;x
6 クルト・フォン・ミューレン;1101597;GER;1944;1945;1990;1990;2;6;16;1;0;5;0;L1101597;1944;1971;x
7 ディートリッヒ・フォン・ミュラー;1101598;GER;1944;1945;1990;1990;2;7;128;1;0;5;0;L1101598;1944;1961;x
5 エルンスト・ミューラー;1101599;GER;1944;1990;1990;1990;3;5;0;0;0;5;0;L1101599;1944;1968;x
5 ゲルハルト・ミュラー;1101600;GER;1944;1990;1990;1990;3;5;0;1;0;5;0;L1101600;1944;1977;x
4 ヘルマン・ミュラー;1101601;GER;1939;1941;1990;1990;2;4;0;0;0;5;0;L1101601;1939;1945;x
4 クルト・ミュラー;1101602;GER;1941;1990;1990;1990;3;4;1;0;0;5;0;L1101602;1941;1942;x
5 クルト・ミュラー;1101603;GER;1930;1937;1990;1990;2;5;0;0;0;5;0;L1101603;1937;1942;x
5 ルートヴィッヒ・ミュラー;1101604;GER;1937;1941;1990;1990;2;5;0;1;0;5;0;L1101604;1937;1974;x
7 ルートヴィッヒ・ミュラー;1101605;GER;1942;1943;1944;1990;1;7;4;1;0;5;0;L1101605;1942;1972;x
6 ヴィンツェンツ・ミュラー;1101606;GER;1942;1943;1990;1990;2;6;32;1;0;5;0;L1101606;1942;1961;x
5 クラウス・ミューラー＝ビューロー;1101607;GER;1944;1990;1990;1990;3;5;0;0;0;5;0;L1101607;1944;1954;x
6 フィリップ・ミュラー＝ゲブハード;1101608;GER;1940;1942;1990;1990;2;6;2;2;0;5;0;L1101608;1940;1970;x
6 バークハート・ミュラー＝ヒルブランド;1101609;GER;1945;1990;1990;1990;3;6;128;2;0;5;0;L1101609;1945;1987;x
5 ヴォルフガング・マフ;1101610;GER;1930;1938;1940;1990;1;5;513;1;0;5;0;L1101610;1930;1947;x
6 ヴェルナー・ママート;1101611;GER;1945;1990;1990;1990;3;6;132;1;0;5;0;L1101611;1945;1950;x
5 オスカー・ムンツェル;1101612;GER;1944;1990;1990;1990;3;5;128;1;0;5;0;L1101612;1944;1992;x
5 ヴァルター・マイロー;1101613;GER;1942;1990;1990;1990;3;5;0;0;0;5;0;L1101613;1942;1945;x
5 ヴェルナー・ミルヒ;1101614;GER;1945;1990;1990;1990;3;5;256;1;0;5;0;L1101614;1945;1984;x
5 ヴァルター・ナーゲル;1101615;GER;1945;1990;1990;1990;3;5;0;1;0;5;0;L1101615;1945;1975;x
5 ヴィルヘルム・ナーゲル;1101616;GER;1945;1990;1990;1990;3;5;4;1;0;5;0;L1101616;1945;1980;x
6 エメリッヒ・ナジ;1101617;GER;1930;1939;1942;1990;1;6;256;3;0;5;0;L1101617;1930;1965;x
5 ヨハネス・ネドウィック;1101618;GER;1943;1990;1990;1990;3;5;128;1;0;5;0;L1101618;1943;1963;x
6 ハンス・ネゲンダンク;1101619;GER;1944;1990;1990;1990;3;6;0;0;0;5;0;L1101619;1944;1962;x
6 フリッツ・ネイトホルト;1101620;GER;1942;1943;1990;1990;2;6;16;1;0;5;0;L1101620;1942;1947;x
6 エゴン・フォン・ネインドルフ;1101621;GER;1942;1944;1990;1990;3;6;2;3;0;5;0;L1101621;1942;1944;x
5 ゲオルク・フォン・ネウフヴィレ;1101622;GER;1941;1990;1990;1990;3;5;0;1;0;5;0;L1101622;1940;1941;x
8 フリードリヒ＝ヴィルヘルム・ノイマン;1101623;GER;1940;1942;1990;1990;2;8;0;3;0;5;0;L1101623;1940;1975;x
5 カール＝ウルリッヒ・ノイマン＝ノイロデ;1101624;GER;1940;1990;1990;1990;3;5;1;1;0;5;0;L1101624;1940;1958;x
5 フランツ・ノイマイヤー;1101625;GER;1942;1990;1990;1990;3;5;0;1;0;5;0;L1101625;1942;1946;x
5 アルベルト・ノウィガー;1101626;GER;1943;1990;1990;1990;3;5;0;1;0;5;0;L1101626;1943;1956;x
6 ゲオルク・ノイマン;1101627;GER;1942;1990;1990;1990;3;6;0;1;0;5;0;L1101627;1942;1947;x
4 ゲオルク・フォン・ニベッカー;1101628;GER;1940;1990;1990;1990;3;4;0;0;0;5;0;L1101628;1940;1947;x
4 ギュンター・フォン・ニーベルシュッツ;1101629;GER;1930;1930;1938;1990;1;4;1;1;0;5;0;L1101629;1930;1945;x
4 オスカー・フォン・ニーデマイヤー;1101630;GER;1942;1990;1990;1990;3;4;1;0;0;5;0;L1101630;1942;1948;x
6 ハインリヒ・ニーホフ;1101631;GER;1930;1937;1990;1990;2;6;0;2;0;5;0;L1101631;1930;1946;x
5 ヘルマン・ニートハンマー;1101632;GER;1930;1941;1990;1990;2;5;0;1;0;5;0;L1101632;1930;1954;x
5 マックス・ノアック;1101633;GER;1940;1941;1990;1990;2;5;0;1;0;5;0;L1101633;1930;1959;x
4 ルドルフ・ノアック;1101634;GER;1943;1990;1990;1990;3;4;0;1;0;5;0;L1101634;1943;1954;x
6 フェルディナント・ノエルテセン;1101635;GER;1942;1943;1990;1990;2;6;64;1;0;5;0;L1101635;1942;1951;x
6 グスタフ＝アドルフ・フォン・ノストリッツ＝ワルウィッツ;1101636;GER;1944;1990;1990;1990;3;6;128;1;0;5;0;L1101636;1944;1945;x
6 オイゲン・オーベルハウサー;1101637;GER;1940;1942;1990;1990;2;6;4;1;0;5;0;L1101637;1940;1957;x
5 ユスティン・フォン・オベルニッツ;1101638;GER;1938;1940;1990;1990;2;5;16;1;0;5;0;L1101638;1938;1955;x
5 ハンス・オラー;1101639;GER;1943;1990;1990;1990;3;5;4;2;0;5;0;L1101639;1943;1966;x
5 ヘイーノ・オトケン;1101640;GER;1944;1990;1990;1990;3;5;4;1;0;5;0;L1101640;1944;1987;x
5 ヘルベルト・フォン・オンダラツァ;1101641;GER;1940;1942;1990;1990;2;5;64;1;0;5;0;L1101641;1940;1976;x
6 クルト・オッペンランダー;1101642;GER;1941;1943;1990;1990;2;6;4;3;0;5;0;L1101642;1941;1947;x
6 ブルーノ・オルトナー;1101643;GER;1941;1942;1990;1990;2;6;0;3;0;5;0;L1101643;1941;1971;x
6 エルウィン・オズワルト;1101644;GER;1930;1930;1940;1990;1;6;516;3;0;5;0;L1101644;1930;1947;x
6 ヘルベルト・オスターカンプ;1101645;GER;1939;1941;1943;1990;1;6;32;1;0;5;0;L1101645;1939;1970;x
4 カート・オスターロート;1101646;GER;1940;1941;1990;1990;2;4;0;0;0;5;0;L1101646;1940;1969;x
5 マルティン・オットー;1101647;GER;1942;1990;1990;1990;3;5;0;0;0;5;0;L1101647;1942;1959;x
4 パウル・オットー;1101648;GER;1930;1938;1940;1990;1;4;0;0;0;5;0;L1101648;1930;1961;x
6 カール・フォン・オーフェン;1101649;GER;1939;1941;1943;1990;1;6;4;2;0;5;0;L1101649;1939;1974;x
6 ハルトマン・フォン・オウ・アウフ・ワフェンドルフ;1101650;GER;1945;1990;1990;1990;3;6;256;1;0;5;0;L1101650;1945;1969;x
5 フェルディナント・パックマイヤー;1101651;GER;1941;1990;1990;1990;3;5;64;1;0;5;0;L1101651;1941;1976;x
6 ベルンハルト・パムベルク;1101652;GER;1944;1990;1990;1990;3;6;16;1;0;5;0;L1101652;1944;1983;x
5 エルンスト・パウアー・フォン・アルラウ;1101653;GER;1941;1990;1990;1990;3;5;32;1;0;5;0;L1101653;1941;1974;x
5 アルブレヒト・フォン・ペックマン;1101654;GER;1943;1990;1990;1990;3;5;64;1;0;5;0;L1101654;1943;1949;x
5 オットー・フォン・ペックマン;1101655;GER;1941;1990;1990;1990;3;5;1;1;0;5;0;L1101655;1941;1959;x
6 リヒャルト・ペレンガー;1101656;GER;1936;1940;1990;1990;2;6;256;3;0;5;0;L1101656;1936;1964;x
4 ヨハヒム・ぺルツ;1101657;GER;1938;1941;1990;1990;2;4;1;0;0;5;0;L1101657;1938;1954;x
5 グスタフ・ペルファール;1101658;GER;1930;1938;1990;1990;2;5;16;1;0;5;0;L1101658;1930;1969;x
5 マティアス・ペテルス;1101659;GER;1944;1990;1990;1990;3;5;1;0;0;5;0;L1101659;1944;1974;x
6 ハンス・ペトリ;1101660;GER;1930;1941;1942;1990;2;6;0;2;0;5;0;L1101660;1930;1945;x
6 テオドール・ペッツチ;1101661;GER;1941;1942;1945;1990;1;6;8;2;0;5;0;L1101661;1941;1973;x
6 カール・プフラウム;1101662;GER;1941;1943;1990;1990;2;6;2;2;0;5;0;L1101662;1941;1972;x
5 クルト・プフライガー;1101663;GER;1940;1942;1990;1990;2;5;64;2;0;5;0;L1101663;1940;1958;x
6 ヨハン・プフルグバイル;1101664;GER;1936;1939;1990;1990;2;6;0;2;0;5;0;L1101664;1936;1951;x
5 クルト・プフルグラート;1101665;GER;1940;1942;1990;1990;2;5;1;1;0;5;0;L1101665;1940;1973;x
5 アレクサンダー・フォン・プフルステイン;1101666;GER;1943;1990;1990;1990;3;5;32;2;0;5;0;L1101666;1943;1976;x
5 エルンスト・フィリップ;1101667;GER;1942;1943;1990;1990;2;5;0;1;0;5;0;L1101667;1942;1944;x
6 アルフレート・フィリッピ;1101668;GER;1945;1990;1990;1990;3;6;4;1;0;5;0;L1101668;1945;1994;x
5 ヴィルヘルム・フィリップス;1101669;GER;1941;1943;1990;1990;2;5;1;1;0;5;0;L1101669;1941;1971;x
5 フェルディナント・ピヒラー;1101670;GER;1939;1940;1990;1990;2;5;0;0;0;5;0;L1101670;1939;1960;x
6 エグベルト・ピッカー;1101671;GER;1943;1945;1990;1990;2;6;256;0;0;5;0;L1101671;1943;1960;x
5 ハンス・ピエッケンブロック;1101672;GER;1943;1944;1990;1990;2;5;32;1;0;5;0;L1101672;1943;1959;x
6 ルドルフ・ピリッツ;1101673;GER;1940;1942;1990;1990;2;6;16;1;0;5;0;L1101673;1940;1975;x
5 ウィリ・プレウィグ;1101674;GER;1941;1990;1990;1990;3;5;0;0;0;5;0;L1101674;1941;1945;x
5 エゴン・フォン・プロエッツ;1101675;GER;1942;1990;1990;1990;3;5;516;1;0;5;0;L1101675;1942;1964;x
5 ヴォルフガング・フォン・プロトー;1101676;GER;1940;1941;1990;1990;2;5;0;2;0;5;0;L1101676;1940;1946;x
6 ゲルハルト・プール;1101677;GER;1941;1945;1990;1990;2;6;0;2;0;5;0;L1101677;1941;1946;x
5 アドルフ・プエッター;1101678;GER;1930;1941;1990;1990;2;5;0;1;0;5;0;L1101678;1930;1956;x
6 フリッツ・ポラック;1101679;GER;1944;1945;1990;1990;2;6;128;2;0;5;0;L1101679;1944;1956;x
6 ヴァルター・ポッペ;1101680;GER;1942;1943;1990;1990;2;6;2;3;0;5;0;L1101680;1942;1968;x
7 ゲオルク・ポステル;1101681;GER;1943;1943;1990;1990;2;7;6;4;0;5;0;L1101681;1943;1953;x
5 ロベルト・プレトリウス;1101682;GER;1930;1930;1990;1990;2;5;0;1;0;5;0;L1101682;1930;1953;x
5 リヒャルト・フォン・プレセンティン;1101683;GER;1942;1990;1990;1990;3;5;0;1;0;5;0;L1101683;1942;1955;x
5 ゲオルク・フォン・プリエム;1101684;GER;1942;1990;1990;1990;3;5;0;1;0;5;0;L1101684;1942;1944;x
6 ヘルムート・プリース;1101685;GER;1943;1943;1944;1990;1;6;8;2;0;5;0;L1101685;1943;1944;x
6 ヨーゼフ・プリンナー;1101686;GER;1943;1943;1990;1990;2;6;64;1;0;5;0;L1101686;1943;1966;x
5 ジェスコ・フォン・プットカーマー;1101687;GER;1940;1942;1990;1990;2;5;0;0;0;5;0;L1101687;1940;1959;x
5 ヴォルフガング・ピッケルト;1101688;GER;1943;1944;1990;1990;2;5;0;0;0;5;2;L1101688;1943;1984;x
6 カール・パルムグリーン;1101689;GER;1943;1990;1990;1990;3;6;0;2;0;5;1;L1101689;1943;1970;x
6 アウグスト＝ヴィクトル・フォン・クアスト;1101690;GER;1943;1990;1990;1990;3;6;0;1;0;5;0;L1101690;1943;1960;x
6 ヴィルヘルム・ラップケ;1101691;GER;1943;1944;1990;1990;2;6;64;1;0;5;0;L1101691;1943;1970;x
4 フリードリヒ・ラブシルベアー;1101692;GER;1941;1990;1990;1990;3;4;0;0;0;5;0;L1101692;1941;1949;x
4 ルートヴィッヒ・フォン・ラドリマイアー;1101693;GER;1938;1942;1990;1990;2;4;128;1;0;5;0;L1101693;1938;1943;x
6 ヨーゼフ・フォン・ラドウィッツ;1101694;GER;1944;1945;1990;1990;2;6;0;2;0;5;0;L1101694;1944;1956;x
6 アドルフ・ラエゲンナー;1101695;GER;1944;1945;1990;1990;2;6;2;2;0;5;0;L1101695;1944;1983;x
6 ヴィルヘルム・ライトネル;1101696;GER;1942;1943;1990;1990;2;6;0;1;0;5;0;L1101696;1942;1960;x
6 ヴェルナー・ランク;1101697;GER;1944;1945;1990;1990;2;6;0;1;0;5;0;L1101697;1944;1989;x
6 フリッツ＝ゲオルク・フォン・ラッパード;1101698;GER;1942;1943;1990;1990;2;6;4;1;0;5;0;L1101698;1942;1946;x
6 アレクサンダー・ラトクリフ;1101699;GER;1944;1990;1990;1990;3;6;0;2;0;5;0;L1101699;1944;1979;x
6 エルウィン・ラオホ;1101700;GER;1941;1942;1990;1990;2;6;0;1;0;5;0;L1101700;1941;1969;x
5 ハインリヒ・レッケ;1101701;GER;1940;1942;1990;1990;2;5;4;2;0;5;0;L1101701;1940;1943;x
6 パウル・ライッチェルト;1101702;GER;1944;1945;1990;1990;2;6;0;1;0;5;0;L1101702;1944;1981;x
5 ヨゼフ・ライヘルト;1101703;GER;1941;1943;1990;1990;2;5;1;1;0;5;0;L1101703;1941;1970;x
6 ルドルフ・ライヘルト;1101704;GER;1944;1945;1990;1990;2;6;0;1;0;5;0;L1101704;1944;1967;x
5 ジークフリート・ライン;1101705;GER;1943;1944;1990;1990;2;5;0;1;0;5;0;L1101705;1943;1945;x
5 ディートリヒ・フォン・ラインスドルフ＝パチェンスキー・ウント・テンジン;1101706;GER;1941;1990;1990;1990;3;5;0;1;0;5;0;L1101706;1941;1975;x
6 マックス・ラインワルド;1101707;GER;1945;1990;1990;1990;3;6;4;1;0;5;0;L1101707;1945;1969;x
6 ジークフリート・フォン・レコウスキー;1101708;GER;1944;1944;1990;1990;2;6;0;1;0;5;0;L1101708;1944;1990;x
5 クルト・レナー;1101709;GER;1939;1940;1990;1990;2;5;0;0;0;5;0;L1101709;1939;1943;x
4 マクシミリアン・レンツ;1101710;GER;1940;1941;1990;1990;2;4;0;1;0;5;0;L1101710;1940;1959;x
5 リヒャルト＝ハインリヒ・フォン・ロイス;1101711;GER;1942;1990;1990;1990;3;5;1;1;0;5;0;L1101711;1941;1942;x
6 エーリヒ・ロイター;1101712;GER;1944;1945;1990;1990;2;6;4;1;0;5;0;L1101712;1944;1989;x
4 フリードリヒ・レクシリウス;1101713;GER;1943;1990;1990;1990;3;4;0;2;0;5;0;L1101713;1943;1970;x
6 カール・レイン;1101714;GER;1942;1943;1990;1990;2;6;4;1;0;5;0;L1101714;1942;1988;x
5 フリードリヒ・リッペントロープ;1101715;GER;1941;1990;1990;1990;3;5;0;1;0;5;0;L1101715;1941;1960;x
5 ヒューゴ・リブステイン;1101716;GER;1940;1990;1990;1990;3;5;0;2;0;5;0;L1101716;1940;1941;x
6 ヨハン＝ゲオルク・リヒェルト;1101717;GER;1942;1943;1990;1990;2;6;16;2;0;5;0;L1101717;1942;1946;x
6 エルンスト・リヒター;1101718;GER;1938;1939;1990;1990;2;6;0;1;0;5;0;L1101718;1938;1962;x
4 ゲルハルト・リヒター;1101719;GER;1942;1990;1990;1990;3;4;0;1;0;5;0;L1101719;1942;1950;x
6 ヴェルナー・リヒター;1101720;GER;1943;1943;1990;1990;2;6;8;1;0;5;0;L1101720;1943;1944;x
6 ヴィルヘルム・リヒター;1101721;GER;1943;1944;1990;1990;2;6;0;0;0;5;0;L1101721;1943;1971;x
5 グスタフ＝アドルフ・リーベル;1101722;GER;1942;1990;1990;1990;3;5;128;1;0;5;0;L1101722;1941;1942;x
5 ウォルデマー・リーベルグ;1101723;GER;1941;1990;1990;1990;3;5;0;1;0;5;0;L1101723;1941;1952;x
4 レオポルド・リーガー;1101724;GER;1941;1990;1990;1990;3;4;0;0;0;5;0;L1101724;1941;1965;x
5 エノ・フォン・リンテレン;1101725;GER;1940;1941;1942;1990;1;5;0;1;0;5;0;L1101725;1940;1971;x
6 ヨーゼフ・リンテレン;1101726;GER;1944;1945;1990;1990;2;6;0;2;0;5;0;L1101726;1944;1981;x
6 ヴァルター・リッセ;1101727;GER;1942;1943;1990;1990;2;6;2;2;0;5;0;L1101727;1942;1965;x
6 ステファン・リッタウ;1101728;GER;1940;1942;1990;1990;2;6;0;1;0;5;0;L1101728;1940;1942;x
6 ゲオルク・グラーフ・フォン・リットッベルグ;1101729;GER;1943;1944;1990;1990;2;6;2;1;0;5;0;L1101729;1943;1973;x
5 クルト・レーダー・フォン・ディアーブルク;1101730;GER;1938;1941;1990;1990;2;5;0;1;0;5;0;L1101730;1938;1974;x
6 エドガー・ロエリヒト;1101731;GER;1942;1943;1944;1990;1;6;4;2;0;5;0;L1101731;1942;1967;x
5 フリードリヒ・ローゼ;1101732;GER;1930;1937;1942;1990;1;5;513;1;0;5;0;L1101732;1930;1966;x
5 オットー・ロージンガー;1101733;GER;1942;1990;1990;1990;3;5;0;1;0;5;0;L1101733;1942;1958;x
7 オットー・レティガー;1101734;GER;1939;1941;1943;1990;1;7;0;2;0;5;0;L1101734;1939;1966;x
5 ハンス・ローデ;1101735;GER;1941;1943;1990;1990;2;5;0;1;0;5;0;L1101735;1941;1954;x
5 ハンス・フォン・ロール;1101736;GER;1944;1990;1990;1990;3;5;0;0;0;5;0;L1101736;1944;1988;x
6 ルドルフ・フォン・ロマン;1101737;GER;1941;1942;1942;1990;1;6;64;1;0;5;0;L1101737;1941;1970;x
4 マルティン・ロニケ;1101738;GER;1943;1990;1990;1990;3;4;2;1;0;5;0;L1101738;1943;1971;x
5 フランツ・フォン・ロック;1101739;GER;1930;1930;1941;1990;1;5;513;1;0;5;0;L1101739;1930;1967;x
6 フリッツ・ロスケ;1101740;GER;1943;1990;1990;1990;3;6;0;1;0;5;0;L1101740;1943;1956;x
5 ヨーゼフ・ロスマン;1101741;GER;1943;1990;1990;1990;3;5;0;0;0;5;0;L1101741;1943;1973;x
6 ハンス＝ギュンター・フォン・ロスト;1101742;GER;1943;1944;1990;1990;2;6;0;2;0;5;0;L1101742;1942;1945;x
4 アルベルト・フォン・ロートベルグ;1101743;GER;1941;1942;1990;1990;2;4;1;0;0;5;0;L1101743;1941;1959;x
4 ハンス・ロート;1101744;GER;1942;1990;1990;1990;3;4;0;0;0;5;0;L1101744;1942;1961;x
5 ハインリヒ・ロート;1101745;GER;1943;1943;1990;1990;2;5;0;1;0;5;0;L1101745;1942;1943;x
6 カール・ローテンブルグ;1101746;GER;1941;1990;1990;1990;3;6;128;1;0;5;0;L1101746;1940;1941;x
6 フリードリヒ＝ヴィルヘルム・フォン・ロートキルヒ・ウント・パンテン;1101747;GER;1939;1940;1990;1990;2;6;0;1;0;5;0;L1101747;1939;1943;x
5 カール・ルドルフ;1101748;GER;1930;1939;1990;1990;2;5;0;1;0;5;0;L1101748;1930;1940;x
6 カール・ルーベル;1101749;GER;1943;1944;1990;1990;2;6;0;2;0;5;0;L1101749;1943;1945;x
5 クルト・リュディガー;1101750;GER;1941;1943;1990;1990;2;5;0;1;0;5;0;L1101750;1941;1973;x
5 ジークフリート・ルンゲ;1101751;GER;1944;1990;1990;1990;3;5;0;1;0;5;0;L1101751;1944;1945;x
5 ハンス＝エーベルハルト・ルッペルハルト;1101752;GER;1942;1990;1990;1990;3;5;0;1;0;5;0;L1101752;1942;1973;x
6 ヴィルヘルム・ルプレヒト;1101753;GER;1940;1942;1990;1990;2;6;0;1;0;5;0;L1101753;1940;1967;x
6 エドゥアルト・ラドウスキー;1101754;GER;1945;1990;1990;1990;3;6;16;1;0;5;0;L1101754;1945;1990;x
5 ギュンター・ラムザー;1101755;GER;1944;1990;1990;1990;3;5;2;1;0;5;0;L1101755;1944;1983;x
5 アルフレート・フォン・ルーモント;1101756;GER;1944;1990;1990;1990;3;5;128;1;0;5;0;L1101756;1944;1990;x
5 アルフォンス・レバネ;1101757;GER;1945;1990;1990;1990;3;5;4;1;0;5;0;L1101757;1945;1976;x
5 ハンス・デ・サレングレ＝ドラッベ;1101758;GER;1943;1944;1990;1990;2;5;2;1;0;5;0;L1101758;1943;1944;x
5 フリッツ・サリッター;1101759;GER;1941;1990;1990;1990;3;5;64;1;0;5;0;L1101759;1941;1963;x
6 エルウィン・サンダー;1101760;GER;1942;1943;1990;1990;2;6;4;2;0;5;0;L1101760;1942;1962;x
5 ロベルト・ザットラー;1101761;GER;1943;1990;1990;1990;3;5;0;1;0;5;0;L1101761;1943;1978;x
5 ヨハネス・サワブリー;1101762;GER;1943;1990;1990;1990;3;5;0;1;0;5;0;L1101762;1943;1982;x
4 オットー・フォン・ソー;1101763;GER;1942;1990;1990;1990;3;4;0;0;0;5;0;L1101763;1942;1954;x
6 ジークムント・フォン・シャキイ・アウフ・ショーンフェルド;1101764;GER;1938;1941;1990;1990;2;6;0;3;0;5;0;L1101764;1938;1956;x
5 ヴァルター・シャーデ;1101765;GER;1941;1990;1990;1990;3;5;4;1;0;5;0;L1101765;1941;1945;x
5 ハンス・シェーファー;1101766;GER;1943;1990;1990;1990;3;5;0;0;0;5;0;L1101766;1943;1978;x
5 エーリヒ・フォン・シェーウェン;1101767;GER;1939;1941;1990;1990;2;5;1;1;0;5;0;L1101767;1939;1947;x
5 フーベルト・シャラー・カリデ;1101768;GER;1930;1937;1940;1990;1;5;1;1;0;5;0;L1101768;1930;1976;x
5 エルンスト・ショウンブルク;1101769;GER;1930;1938;1990;1990;2;5;0;2;0;5;0;L1101769;1930;1947;x
4 アトス・フォン・シャウローテ;1101770;GER;1930;1938;1990;1990;2;4;1;1;0;5;0;L1101770;1930;1975;x
4 ヘルムート・シャウウェッカー;1101771;GER;1930;1942;1990;1990;3;4;0;0;0;5;0;L1101771;1930;1968;x
5 ウォルフ・シェーデ;1101772;GER;1938;1940;1990;1990;2;5;1;2;0;5;0;L1101772;1938;1981;x
6 ハンス＝カール・フォン・シェーレ;1101773;GER;1941;1942;1943;1990;1;6;4;3;0;5;0;L1101773;1941;1955;x
6 クルト・シェフラー;1101774;GER;1943;1990;1990;1990;3;6;64;1;0;5;0;L1101774;1943;1956;x
5 フランツ・シェイディエス;1101775;GER;1942;1990;1990;1990;3;5;4;2;0;5;0;L1101775;1941;1942;x
5 オットー・シェル;1101776;GER;1944;1990;1990;1990;3;5;2;1;0;5;0;L1101776;1943;1944;x
5 オスカー・シェルバッハ;1101777;GER;1939;1941;1990;1990;2;5;64;1;0;5;0;L1101777;1939;1947;x
3 ニコラウス・シェンメル;1101778;GER;1939;1941;1990;1990;2;3;1;0;0;5;0;L1101778;1930;1959;x
5 ハインリヒ・フォン・シェンケンドルフ;1101779;GER;1937;1941;1990;1990;2;5;0;1;0;5;0;L1101779;1937;1941;x
5 マックス・フォン・シェンケンドルフ;1101780;GER;1930;1930;1940;1990;3;5;513;1;0;5;0;L1101780;1930;1943;x
6 ロルフ・シェーレンベルグ;1101781;GER;1945;1990;1990;1990;3;6;0;1;0;5;0;L1101781;1945;1961;x
5 ヴァルター・シェルフ;1101782;GER;1943;1990;1990;1990;3;5;0;0;0;5;0;L1101782;1943;1945;x
7 パウル・シュウアープフラウ;1101783;GER;1944;1944;1990;1990;2;7;4;1;0;5;0;L1101783;1944;1945;x
5 ヴァルター・シューネマン;1101784;GER;1945;1990;1990;1990;3;5;2;1;0;5;0;L1101784;1945;1949;x
5 エーリヒ・フォン・シックフウス・ウント・ネウドルフ;1101785;GER;1930;1990;1990;1990;3;5;0;1;0;5;0;L1101785;1930;1955;x
6 オットー・シール;1101786;GER;1944;1990;1990;1990;3;6;2;2;0;5;0;L1101786;1944;1990;x
6 オットー・シリング;1101787;GER;1942;1990;1990;1990;3;6;0;1;0;5;0;L1101787;1942;1982;x
6 ヴァルター・シリング;1101788;GER;1942;1943;1990;1990;2;6;0;2;0;5;0;L1101788;1942;1943;x
5 オスカー・シンプフ;1101789;GER;1939;1940;1990;1990;2;5;32;1;0;5;0;L1101789;1939;1958;x
5 ハンス・シルマー;1101790;GER;1941;1943;1990;1990;2;5;0;1;0;5;0;L1101790;1941;1955;x
6 ハンス・シッティング;1101791;GER;1943;1945;1990;1990;2;6;64;2;0;5;0;L1101791;1943;1956;x
6 エルンスト・シュレマー;1101792;GER;1940;1942;1990;1990;2;6;256;1;0;5;0;L1101792;1940;1949;x
5 ディートリヒ・フォン・シュリーベン;1101793;GER;1943;1990;1990;1990;3;5;32;1;0;5;0;L1101793;1943;1984;x
6 ルドルフ・フォン・シュメットウ;1101794;GER;1942;1944;1990;1990;2;6;1;1;0;5;0;L1101794;1942;1970;x
6 ヴァルター・シュミット＝ダンクワルト;1101795;GER;1939;1941;1990;1990;2;6;64;1;0;5;0;L1101795;1939;1963;x
6 ゲルハルト・シュミットハウバー;1101796;GER;1944;1990;1990;1990;3;6;130;2;0;5;0;L1101796;1944;1945;x
6 アーサー・シュミット;1101797;GER;1942;1943;1990;1990;2;6;18;1;0;5;0;L1101797;1942;1987;x
6 アウグスト・シュミット;1101798;GER;1941;1943;1990;1990;2;6;0;1;0;5;0;L1101798;1941;1972;x
6 エーリヒ＝オットー・シュミット;1101799;GER;1945;1990;1990;1990;3;6;4;1;0;5;0;L1101799;1945;1959;x
5 フリードリヒ・シュミット;1101800;GER;1942;1943;1990;1990;2;5;0;1;0;5;0;L1101800;1942;1943;x
6 グスタフ・シュミット;1101801;GER;1942;1943;1990;1990;2;6;128;2;0;5;0;L1101801;1942;1943;x
5 ハンス・シュミット;1101802;GER;1930;1940;1942;1990;1;5;514;3;0;5;0;L1101802;1930;1948;x
5 ヨハネス・シュミット;1101803;GER;1943;1990;1990;1990;3;5;0;2;0;5;0;L1101803;1942;1943;x
6 クルト・シュミット;1101804;GER;1941;1942;1990;1990;2;6;0;2;0;5;0;L1101804;1941;1945;x
5 マルティン・シュミット;1101805;GER;1944;1990;1990;1990;3;5;0;2;0;5;0;L1101805;1944;1958;x
6 リヒャルト・シュミット;1101806;GER;1945;1990;1990;1990;3;6;2;2;0;5;0;L1101806;1945;1977;x
6 ヴェルナー・シュミット＝ハンマー;1101807;GER;1943;1944;1990;1990;2;6;2;2;0;5;0;L1101807;1943;1962;x
6 オットー・シュミッ＝アルトゥング;1101808;GER;1942;1944;1990;1990;2;6;0;1;0;5;0;L1101808;1942;1976;x
6 アルトゥール・シュミット;1101809;GER;1941;1943;1990;1990;2;6;0;2;0;5;0;L1101809;1941;1972;x
5 エルンスト・シュナレンベルガー;1101810;GER;1942;1990;1990;1990;3;5;0;1;0;5;0;L1101810;1942;1966;x
6 ヴィルヘルム・シュネッケンブルガー;1101811;GER;1940;1942;1943;1990;1;6;256;1;0;5;0;L1101811;1940;1944;x
5 グスタフ・フォン・シュナイドメッサー;1101812;GER;1942;1944;1990;1990;2;5;0;1;0;5;0;L1101812;1942;1975;x
4 エーリヒ・シュナイダー;1101813;GER;1943;1943;1990;1990;2;4;128;1;0;5;0;L1101813;1943;1980;x
5 オットー・シュナイダー;1101814;GER;1941;1990;1990;1990;3;5;0;0;0;5;0;L1101814;1941;1981;x
5 ヴィルヘルム・ショーンベルグ;1101816;GER;1940;1942;1990;1990;2;5;16;1;0;5;0;L1101816;1940;1966;x
6 ヘニング・ショーンフェルド;1101817;GER;1944;1990;1990;1990;3;6;128;1;0;5;0;L1101817;1944;1958;x
5 クルト・シェーンフェルダー;1101818;GER;1941;1990;1990;1990;3;5;64;1;0;5;0;L1101818;1941;1946;x
5 ハンス・シェーンハール;1101819;GER;1939;1940;1990;1990;2;5;0;2;0;5;0;L1101819;1939;1954;x
6 オットー・ショーンヘル・アドラー・フォン・ショーンレイテン;1101820;GER;1941;1943;1990;1990;2;6;0;1;0;5;0;L1101820;1941;1954;x
5 ゲオルク・ショルツ;1101821;GER;1945;1990;1990;1990;3;5;128;1;0;5;0;L1101821;1944;1945;x
5 ハンス・ゲオルク・シュラム;1101822;GER;1943;1990;1990;1990;3;5;4;1;0;5;0;L1101822;1943;1967;x
6 マックス・シュランク;1101823;GER;1944;1944;1990;1990;2;6;256;1;0;5;0;L1101823;1944;1960;x
6 エーリヒ・シュレック;1101824;GER;1939;1941;1990;1990;2;6;0;2;0;5;0;L1101824;1939;1945;x
4 セヴェリン・シュレーダー;1101825;GER;1941;1990;1990;1990;3;4;1;0;0;5;0;L1101825;1941;1953;x
6 ヨーゼフ・シュロエッター;1101826;GER;1942;1944;1990;1990;2;6;128;2;0;5;0;L1101826;1942;1972;x
6 ヴァルター・シュロス;1101827;GER;1930;1930;1938;1990;1;6;4;3;0;5;0;L1101827;1930;1944;x
5 アーサー・シューベルト;1101828;GER;1930;1930;1990;1990;2;5;512;1;0;5;0;L1101828;1930;1946;x
4 ハインリヒ・シューベルト;1101829;GER;1942;1990;1990;1990;3;4;0;0;0;5;0;L1101829;1942;1960;x
6 エーベルハルト・フォン・シュークマン;1101830;GER;1943;1990;1990;1990;3;6;2;2;0;5;0;L1101830;1943;1966;x
7 オットー・シューネマン;1101831;GER;1942;1943;1990;1990;2;7;2;3;0;5;0;L1101831;1942;1960;x
6 パウル・シューネマン;1101832;GER;1944;1944;1990;1990;2;6;0;1;0;5;0;L1101832;1944;1978;x
5 ヴィンフリート・フォン・デア・シューレンブルク;1101833;GER;1930;1942;1990;1990;2;5;16;1;0;5;0;L1101833;1930;1945;x
6 リュディガー・フォン・シューラー;1101834;GER;1941;1990;1990;1990;3;6;0;2;0;5;0;L1101834;1941;1947;x
6 ヘルマン・シュルト＝ヘウサウス;1101835;GER;1945;1990;1990;1990;3;6;4;1;0;5;0;L1101835;1945;1979;x
5 ハラルド・シュルツ;1101836;GER;1944;1990;1990;1990;3;5;0;1;0;5;0;L1101836;1944;1957;x
6 パウル・シュルツ;1101837;GER;1944;1990;1990;1990;3;6;0;1;0;5;0;L1101837;1944;1964;x
6 ヨハネス・シュルツ;1101838;GER;1943;1990;1990;1990;3;6;32;2;0;5;0;L1101838;1942;1943;x
6 ヴェルナー・シュルツェ;1101839;GER;1945;1990;1990;1990;3;6;0;3;0;5;0;L1101839;1945;1966;x
5 オットー・シュレイ;1101840;GER;1945;1990;1990;1990;3;5;256;2;0;5;0;L1101840;1945;1979;x
5 マクシミリアン・シュバーンデナー;1101841;GER;1930;1930;1940;1990;1;5;32;1;0;5;0;L1101841;1930;1972;x
5 ギュンター・シュバンテス;1101842;GER;1930;1938;1990;1990;2;5;16;1;0;5;0;L1101842;1930;1941;x
5 オットー・シュヴァルツ;1101843;GER;1944;1944;1990;1990;2;5;0;1;0;5;0;L1101843;1944;1960;x
5 アーサー・シュヴァルツネッカー;1101844;GER;1930;1938;1990;1990;2;5;1;1;0;5;0;L1101844;1930;1958;x
5 マンフレート・フォン・シュベリーン;1101845;GER;1940;1941;1990;1990;2;5;0;0;0;5;0;L1101845;1940;1943;x
6 リヒャルト・フォン・シュリベーン;1101846;GER;1942;1942;1990;1990;2;6;4;2;0;5;0;L1101846;1942;1951;x
6 フリードリヒ・フォン・スコッティ;1101847;GER;1939;1941;1990;1990;2;6;64;1;0;5;0;L1101847;1939;1969;x
4 ブルーノ・スクルテーツス;1101848;GER;1941;1990;1990;1990;3;4;64;1;0;5;0;L1101848;1941;1956;x
5 ヘルベルト・スクルテーツス;1101849;GER;1941;1990;1990;1990;3;5;0;0;0;5;0;L1101849;1941;1955;x
6 エーリヒ・フォン・セッケンドルフ;1101850;GER;1944;1990;1990;1990;3;6;128;1;0;5;0;L1101850;1943;1944;x
5 ウィリー・シーガー;1101851;GER;1941;1943;1990;1990;2;5;0;1;0;5;0;L1101851;1941;1978;x
5 アルベルト・シーキルヒナー;1101852;GER;1945;1990;1990;1990;3;5;64;1;0;5;0;L1101852;1944;1945;x
5 ハンス＝ハインリヒ・フォン・ザイドリッツ・ウント・ゴラウ;1101853;GER;1941;1990;1990;1990;3;5;64;1;0;5;0;L1101853;1940;1941;x
5 エルンスト・ザイフェルト;1101854;GER;1937;1938;1990;1990;2;5;0;0;0;5;0;L1101854;1937;1946;x
6 フランツ・ゼンスフス;1101855;GER;1942;1944;1990;1990;2;6;32;1;0;5;0;L1101855;1942;1976;x
5 ヴァルター・ゼリニ;1101856;GER;1943;1990;1990;1990;3;5;2;2;0;5;0;L1101856;1943;1976;x
6 ハンス・ゼッター・フォン・ローゼン;1101857;GER;1930;1930;1930;1990;1;6;528;1;0;5;0;L1101857;1930;1968;x
6 パウル・ザイファルト;1101858;GER;1942;1943;1990;1990;2;6;4;1;0;5;0;L1101858;1942;1979;x
5 ヴェルナー・フォン・シハルト;1101859;GER;1941;1990;1990;1990;3;5;0;1;0;5;0;L1101859;1941;1971;x
5 フリードリヒ・ジーベルク;1101860;GER;1943;1943;1990;1990;2;5;0;1;0;5;0;L1101860;1942;1943;x
6 フリードリヒ・ジーベルト;1101861;GER;1939;1941;1943;1990;1;6;4;4;0;5;0;L1101861;1939;1950;x
6 ルドルフ・ジッケニウス;1101862;GER;1943;1990;1990;1990;3;6;132;2;0;5;0;L1101862;1943;1945;x
3 クルト・ジークリン;1101863;GER;1930;1941;1990;1990;3;3;0;0;0;5;0;L1101863;1930;1953;x
6 ヨアヒム・フォン・ジークロス;1101864;GER;1944;1990;1990;1990;3;6;2;2;0;5;0;L1101864;1944;1945;x
6 カール・ジーヴァーズ;1101865;GER;1943;1944;1990;1990;2;6;0;1;0;5;0;L1101865;1943;1961;x
6 カート・ジーウェルト;1101866;GER;1943;1944;1990;1990;2;6;0;1;0;5;0;L1101866;1943;1983;x
6 ルドルフ・ジントゼニッヒ;1101867;GER;1939;1941;1990;1990;2;6;0;1;0;5;0;L1101867;1939;1948;x
6 アドルフ・シンジンガー;1101868;GER;1942;1943;1990;1990;2;6;1;1;0;5;0;L1101868;1942;1974;x
5 マクシミリアン・シリー;1101869;GER;1941;1943;1990;1990;2;5;0;2;0;5;0;L1101869;1941;1967;x
6 ハンス＝ハインリヒ・ジクスト・フォン・アーミン;1101870;GER;1938;1940;1990;1990;2;6;0;2;0;5;0;L1101870;1938;1952;x
5 ラルフ・ソダン;1101871;GER;1940;1942;1990;1990;2;5;0;1;0;5;0;L1101871;1940;1945;x
6 ヴィルヘルム・ソス;1101872;GER;1945;1990;1990;1990;3;6;0;1;0;5;0;L1101872;1945;1978;x
5 ハンス・フォン・ゾンマーフェルト;1101873;GER;1939;1941;1990;1990;2;5;0;1;0;5;0;L1101873;1939;1961;x
5 カート・ソウハイ;1101874;GER;1942;1990;1990;1990;3;5;0;0;0;5;0;L1101874;1942;1978;x
5 カール・シュパング;1101875;GER;1938;1940;1990;1990;2;5;0;1;0;5;0;L1101875;1938;1979;x
6 カール＝ヴィルヘルム・スペクト;1101876;GER;1942;1943;1944;1990;1;6;0;2;0;5;0;L1101876;1942;1953;x
5 ヘルマン・フォン・スペック;1101877;GER;1937;1939;1940;1990;1;5;64;2;0;5;0;L1101877;1937;1940;x
5 リヒャルト・シュパイヒ;1101878;GER;1937;1941;1990;1990;2;5;0;1;0;5;0;L1101878;1937;1954;x
6 ルドルフ・スパール;1101879;GER;1944;1944;1990;1990;2;6;2;1;0;5;0;L1101879;1944;1981;x
6 ハンス・スペス;1101880;GER;1943;1944;1944;1990;1;6;34;2;0;5;0;L1101880;1943;1985;x
6 ハンス・フォン・シュポネック;1101881;GER;1938;1940;1990;1990;2;6;32;2;0;5;0;L1101881;1938;1944;x
6 ヘルムート・ステデケ;1101882;GER;1944;1945;1990;1990;2;6;0;2;0;5;0;L1101882;1944;1974;x
4 フリードリヒ・スタール;1101883;GER;1940;1942;1990;1990;2;4;0;0;0;5;0;L1101883;1940;1979;x
6 オットー・スタプフ;1101884;GER;1939;1941;1942;1990;1;6;0;2;0;5;0;L1101884;1939;1963;x
4 ヘルマン・シュタルケ;1101885;GER;1930;1938;1990;1990;2;4;64;1;0;5;0;L1101885;1930;1963;x
6 ハンス・ステッツ;1101886;GER;1945;1990;1990;1990;3;6;264;1;0;5;0;L1101886;1945;1980;x
6 ルドルフ・シュテグマン;1101887;GER;1943;1944;1990;1990;2;6;0;1;0;5;0;L1101887;1943;1944;x
4 ヨハン・フォン・スタイン;1101888;GER;1942;1990;1990;1990;3;4;0;0;0;5;0;L1101888;1942;1967;x
5 パウル・シュタインバッハ;1101889;GER;1941;1990;1990;1990;3;5;0;0;0;5;0;L1101889;1941;1970;x
5 ゲルハルト・シュタインバウアー;1101890;GER;1940;1942;1990;1990;2;5;0;1;0;5;0;L1101890;1940;1946;x
6 フリードリヒ・カール・フォン・シュタインケラー;1101891;GER;1944;1990;1990;1990;3;6;128;1;0;5;0;L1101891;1944;1981;x
5 ヴァルター・シュタインミュラー;1101892;GER;1944;1990;1990;1990;3;5;0;1;0;5;0;L1101892;1944;1968;x
5 フリードリヒ・シュテマーマン;1101893;GER;1943;1990;1990;1990;3;5;0;0;0;5;0;L1101893;1943;1970;x
6 クリストフ・ステンゲル;1101894;GER;1943;1990;1990;1990;3;6;0;3;0;5;0;L1101894;1943;1958;x
6 ハンス・ステングレイン;1101895;GER;1944;1990;1990;1990;3;6;384;1;0;5;0;L1101895;1944;1979;x
5 フリードリヒ・ステファン;1101896;GER;1942;1943;1990;1990;2;5;4;1;0;5;0;L1101896;1942;1945;x
5 アルブレヒト・ステプフン;1101897;GER;1930;1940;1940;1990;1;5;1;1;0;5;0;L1101897;1930;1955;x
6 ヴァルター・ステッテナー・フォン・グラベンホーフェン;1101898;GER;1943;1943;1990;1990;2;6;256;1;0;5;0;L1101898;1943;1944;x
5 ヨハン＝ヨハヒム・スティバー;1101899;GER;1939;1941;1990;1990;2;5;128;1;0;5;0;L1101899;1939;1945;x
5 ヘルムート・シュティーフ;1101900;GER;1944;1990;1990;1990;3;5;0;0;0;5;0;L1101900;1944;1945;x
6 マックス・スティオッタ;1101901;GER;1945;1990;1990;1990;3;6;0;1;0;5;0;L1101901;1945;1977;x
5 ハンス・アーダルベルト・フォン・シュトックハウゼン;1101902;GER;1941;1990;1990;1990;3;5;64;1;0;5;0;L1101902;1941;1957;x
5 フーノルド・フォン・シュトックハウゼン;1101903;GER;1941;1944;1990;1990;2;5;0;1;0;5;0;L1101903;1941;1964;x
6 クリストフ・グラーフ・ツ・シュトルベルク＝シュトルベルク;1101904;GER;1943;1990;1990;1990;3;6;0;2;0;5;0;L1101904;1943;1968;x
6 ヨハヒム・フォン・シュトルツマン;1101905;GER;1944;1990;1990;1990;3;6;4;2;0;5;0;L1101905;1944;1971;x
7 マウリッツ・フォン・シュトラハヴィッツ;1101906;GER;1944;1944;1990;1990;2;7;16;1;0;5;0;L1101906;1944;1953;x
6 ハインリヒ・シュトラック;1101907;GER;1938;1941;1990;1990;2;6;0;0;0;5;0;L1101907;1938;1943;x
6 マルティン・シュトラハハンマー;1101908;GER;1945;1990;1990;1990;3;6;4;2;0;5;0;L1101908;1944;1945;x
6 アルフレート・シュトレックウス;1101909;GER;1930;1940;1940;1990;1;6;0;1;0;5;0;L1101909;1930;1944;x
6 ヨハネス・シュトライヒ;1101910;GER;1941;1943;1990;1990;2;6;132;3;0;5;0;L1101910;1941;1977;x
5 ヘルムート・シュトレンプル;1101911;GER;1944;1990;1990;1990;3;5;0;1;0;5;0;L1101911;1943;1944;x
5 エーリヒ・スタッド;1101912;GER;1938;1940;1990;1990;2;5;0;0;0;5;0;L1101912;1938;1968;x
5 ヴァルター・スタッド;1101913;GER;1945;1990;1990;1990;2;5;0;1;0;5;0;L1101913;1945;1974;x
6 ボギスラフ・フォン・シュタットニッツ;1101914;GER;1938;1940;1990;1990;2;6;0;1;0;5;0;L1101914;1938;1943;x
5 ジークフリート・フォン・シュテルプナーゲル;1101915;GER;1942;1990;1990;1990;3;5;0;0;0;5;0;L1101915;1942;1976;x
5 ハインリヒ・シュトゥンプフル;1101916;GER;1939;1940;1990;1990;2;5;0;0;0;5;0;L1101916;1939;1972;x
5 ハンス・ヨハヒム・フォン・シュトゥンプフェルト;1101917;GER;1940;1943;1990;1990;2;5;64;1;0;5;0;L1101917;1940;1968;x
6 ホルスト・シュトゥンプフ;1101918;GER;1939;1941;1944;1990;1;6;128;3;0;5;0;L1101918;1939;1958;x
4 カール・スターム;1101919;GER;1943;1990;1990;1990;3;4;0;0;0;5;0;L1101919;1943;1956;x
6 エーリヒ・シュタウ;1101920;GER;1944;1990;1990;1990;3;6;0;0;0;5;0;L1101920;1944;1945;x
6 アルフレート・ジーベルト;1101921;GER;1942;1990;1990;1990;3;6;128;1;0;5;0;L1101921;1942;1971;x
6 リヒャルト・シンプフ;1101922;GER;1943;1944;1990;1990;2;6;256;1;0;5;0;L1101922;1943;1972;x
5 ハインリヒ・シュルト;1101923;GER;1943;1990;1990;1990;3;5;4;2;0;5;0;L1101923;1943;1944;x
6 ハンス・ターグリスベック;1101924;GER;1943;1990;1990;1990;3;6;0;0;0;5;0;L1101924;1943;1967;x
5 ヨハン・ターバック・フォン・センスホルスト;1101925;GER;1940;1990;1990;1990;3;5;32;1;0;5;0;L1101925;1940;1966;x
5 カール・ターバック・フォン・センスホルスト;1101926;GER;1930;1939;1990;1990;2;5;1;1;0;5;0;L1101926;1930;1966;x
4 オットー・テシュナー;1101927;GER;1941;1942;1990;1990;3;4;513;0;0;5;0;L1101927;1941;1948;x
5 ギュンター・テッスマー;1101928;GER;1944;1990;1990;1990;3;5;0;1;0;5;0;L1101928;1944;1945;x
6 ハンス・フォン・テッタウ;1101929;GER;1940;1942;1945;1990;1;6;4;3;0;5;0;L1101929;1940;1956;x
6 ヘニング・フォン・サッデン;1101930;GER;1943;1944;1990;1990;2;6;0;1;0;5;0;L1101930;1943;1945;x
6 エドガー・サイセン;1101931;GER;1937;1939;1942;1990;1;6;4;1;0;5;0;L1101931;1937;1968;x
6 ヴィルヘルム・トーフェン;1101932;GER;1939;1942;1990;1990;2;6;32;1;0;5;0;L1101932;1939;1972;x
6 カール・トーホルト;1101933;GER;1943;1944;1945;1990;1;6;64;1;0;5;0;L1101933;1943;1954;x
5 ハインリヒ・トーマ;1101934;GER;1942;1943;1990;1990;2;5;0;2;0;5;0;L1101934;1942;1948;x
6 ヴォルフガング・トーマレ;1101935;GER;1944;1945;1990;1990;2;6;128;1;0;5;0;L1101935;1944;1978;x
5 クルト・トーマス;1101936;GER;1943;1943;1990;1990;2;5;128;2;0;5;0;L1101936;1942;1943;x
5 ヴィルヘルム・トーマス;1101937;GER;1943;1943;1990;1990;2;5;0;1;0;5;0;L1101937;1943;1976;x
6 カール・フォン・ツンゲン;1101938;GER;1942;1943;1990;1990;2;6;129;2;0;5;0;L1101938;1942;1944;x
5 カール・フォン・ティーデマン;1101939;GER;1937;1939;1990;1990;2;5;1;1;0;5;0;L1101939;1937;1979;x
6 オットー・ティーマン;1101940;GER;1944;1944;1990;1990;2;6;2;2;0;5;0;L1101940;1944;1952;x
6 ヘルマン・ティッテル;1101941;GER;1939;1941;1943;1990;1;6;72;1;0;5;0;L1101941;1939;1959;x
5 ルドルフ・トゥセイント;1101942;GER;1941;1943;1943;1990;1;5;1;0;0;5;0;L1101942;1941;1968;x
5 ルドルフ・トラウヒ;1101943;GER;1941;1943;1990;1990;3;5;32;1;0;5;0;L1101943;1941;1970;x
7 ハンス・トラウト;1101944;GER;1942;1943;1990;1990;2;7;2;2;0;5;0;L1101944;1942;1974;x
5 ヘニング・フォン・トレスコウ;1101945;GER;1944;1990;1990;1990;3;5;0;0;0;5;0;L1101945;1943;1944;x
5 ヨハヒム・フォン・トレスコウ;1101946;GER;1942;1943;1990;1990;2;5;2;2;0;5;0;L1101946;1942;1958;x
5 ホルスト・トレウシュ・フォン・バットラー＝ブランデンフェルス;1101947;GER;1944;1990;1990;1990;3;5;128;1;0;5;0;L1101947;1944;1990;x
6 ゲルハルト・トリーベル・ゲナント・シュルツ;1101948;GER;1944;1990;1990;1990;3;6;64;1;0;5;0;L1101948;1944;1974;x
4 イヴォ・フォン・トロータ;1101949;GER;1930;1941;1990;1990;3;4;0;0;0;5;0;L1101949;1930;1957;x
5 イヴォ＝ティロ・フォン・トロータ;1101950;GER;1945;1990;1990;1990;3;5;0;0;0;5;0;L1101950;1945;1998;x
6 アドルフ・トロウィッツ;1101951;GER;1943;1990;1990;1990;3;6;64;1;0;5;0;L1101951;1943;1978;x
5 エッカート・フォン・チャムメアー・ウント・オステン;1101952;GER;1940;1990;1990;1990;3;5;0;1;0;5;0;L1101952;1940;1946;x
5 オットー・チェルニング;1101953;GER;1930;1930;1990;1990;2;5;576;1;0;5;0;L1101953;1939;1955;x
6 パウル・ショーケル;1101954;GER;1944;1990;1990;1990;3;6;2;1;0;5;0;L1101954;1944;1971;x
6 ホルスト・フォン・ウケルマン;1101955;GER;1942;1943;1990;1990;2;6;0;1;0;5;0;L1101955;1942;1961;x
5 ヴィルヘルム・ウルレルスペルガー;1101956;GER;1944;1990;1990;1990;3;5;32;1;0;5;0;L1101956;1944;1978;x
6 カール・ウルマー;1101957;GER;1943;1990;1990;1990;3;6;4;1;0;5;0;L1101957;1943;1988;x
6 マルティン・ウンレイン;1101958;GER;1943;1944;1990;1990;2;6;130;3;0;5;0;L1101958;1943;1972;x
4 ヴァルター・フォン・ウンルフ;1101959;GER;1939;1940;1942;1990;1;4;513;1;0;5;0;L1101959;1939;1956;x
5 クリスティアン・ユジンガー;1101960;GER;1942;1943;1990;1990;2;5;16;1;0;5;0;L1101960;1942;1949;x
5 ヴィリバルト・ウッツ;1101961;GER;1943;1944;1990;1990;2;5;256;1;0;5;0;L1101961;1943;1954;x
5 ウルリッヒ・ファッソール;1101962;GER;1942;1990;1990;1990;3;5;64;1;0;5;0;L1101962;1942;1966;x
6 フランツ・ファテロート;1101963;GER;1941;1990;1990;1990;3;6;1;1;0;5;0;L1101963;1941;1969;x
6 ジークフリート・ファヘイン;1101964;GER;1944;1990;1990;1990;3;6;0;1;0;5;0;L1101964;1944;1963;x
6 クルト・フェルソック;1101965;GER;1943;1943;1944;1990;1;6;256;1;0;5;0;L1101965;1943;1963;x
5 ヨーゼフ・ビシーティル;1101966;GER;1944;1990;1990;1990;3;5;0;0;0;5;0;L1101966;1944;1977;x
5 マックス・フォン・ヴィエバーン;1101967;GER;1930;1938;1941;1990;1;5;0;2;0;5;0;L1101967;1930;1980;x
6 ヴィルヘルム・フィービヒ;1101968;GER;1945;1990;1990;1990;3;6;0;2;0;5;0;L1101968;1945;1982;x
6 エルウィン・フィーロウ;1101969;GER;1938;1940;1941;1990;1;6;2;2;0;5;0;L1101969;1938;1982;x
5 ヘルムート・フォルター;1101970;GER;1944;1990;1990;1990;3;5;0;1;0;5;0;L1101970;1943;1944;x
5 オスカー・フォーグル;1101971;GER;1930;1930;1941;1990;1;5;64;1;0;5;0;L1101971;1939;1954;x
5 アドルフ・フォイクト;1101972;GER;1943;1990;1990;1990;3;5;16;1;0;5;0;L1101972;1943;1982;x
6 ハンス・フォイクト;1101973;GER;1943;1990;1990;1990;3;6;0;1;0;5;0;L1101973;1943;1969;x
5 ジークフリート・フォイクト;1101974;GER;1944;1990;1990;1990;3;5;0;1;0;5;0;L1101974;1943;1944;x
4 ヘルマン＝エーリヒ・フォイクトランダー・テツナー;1101975;GER;1941;1990;1990;1990;3;4;64;0;0;5;0;L1101975;1941;1945;x
5 ハインリヒ・フォイクトスベルガー;1101976;GER;1945;1990;1990;1990;3;5;4;2;0;5;0;L1101976;1945;1959;x
4 パウル・フォイト;1101977;GER;1938;1941;1990;1990;2;4;0;0;0;5;0;L1101977;1938;1949;x
4 ヴィルヘルム・フォルマー;1101978;GER;1930;1930;1990;1990;2;4;0;1;0;5;0;L1101978;1930;1964;x
5 エルンスト・フォス;1101979;GER;1943;1990;1990;1990;3;5;0;2;0;5;0;L1101979;1942;1943;x
6 エドムント・ウェークフィールド;1101980;GER;1930;1930;1940;1990;1;6;512;1;0;5;0;L1101980;1930;1958;x
4 フリードリヒ＝カール・フォン・ワックター;1101981;GER;1940;1942;1990;1990;3;4;0;0;0;5;0;L1101981;1940;1975;x
5 アルフレート・ワーガー;1101982;GER;1930;1938;1938;1990;1;5;4;1;0;5;0;L1101982;1930;1956;x
5 カール・ワーゲナー;1101983;GER;1944;1990;1990;1990;3;5;128;1;0;5;0;L1101983;1944;1988;x
4 オットー・ワーゲナー;1101984;GER;1944;1990;1990;1990;3;4;1;0;0;5;0;L1101984;1944;1971;x
5 アウグスト・ワーグナー;1101985;GER;1938;1940;1990;1990;2;5;0;0;0;5;0;L1101985;1938;1956;x
6 エドゥアルト・ワーグナー;1101986;GER;1940;1942;1943;1990;1;6;64;1;0;5;0;L1101986;1940;1944;x
7 グスタフ・ワーグナー;1101987;GER;1943;1990;1990;1990;3;7;4;1;0;5;0;L1101987;1943;1951;x
6 ハンス・ワーグナー;1101988;GER;1944;1944;1990;1990;2;6;0;2;0;5;0;L1101988;1944;1967;x
6 ヘルベルト・ワーグナー;1101989;GER;1943;1944;1990;1990;2;6;0;1;0;5;0;L1101989;1943;1968;x
5 カール・ワーレ;1101990;GER;1942;1990;1990;1990;3;5;0;1;0;5;0;L1101990;1942;1975;x
6 ジークフリート・フォン・ヴァルデンバーグ;1101991;GER;1944;1990;1990;1990;3;6;130;3;0;5;0;L1101991;1944;1973;x
6 ルドルフ・フォン・ヴァルデンフェルス;1101992;GER;1943;1944;1990;1990;2;6;128;3;0;5;0;L1101992;1943;1969;x
4 ヘルムート・ヴァルター;1101993;GER;1943;1990;1990;1990;3;4;0;1;0;5;0;L1101993;1943;1963;x
6 マルティン・ヴァンデル;1101994;GER;1941;1942;1943;1990;1;6;64;1;0;5;0;L1101994;1941;1943;x
6 フリードリヒ・ヴァルネッケ;1101995;GER;1945;1990;1990;1990;3;6;0;1;0;5;0;L1101995;1945;1968;x
6 アロイス・ウェーバー;1101996;GER;1945;1990;1990;1990;3;6;16;2;0;5;0;L1101996;1945;1976;x
6 フリードリヒ・ウェーバー;1101997;GER;1943;1944;1990;1990;2;6;1;2;0;5;0;L1101997;1943;1974;x
6 ゴットフリート・ウェーバー;1101998;GER;1944;1944;1990;1990;2;6;256;1;0;5;0;L1101998;1944;1958;x
6 カール・フォン・ウェーバー;1101999;GER;1940;1990;1990;1990;3;6;128;1;0;5;0;L1101999;1940;1941;x
5 オットー・ウェーバー;1102000;GER;1943;1990;1990;1990;3;5;0;1;0;5;0;L1102000;1943;1967;x
5 ハリー・フォン・ウェーベルン;1102001;GER;1942;1990;1990;1990;3;5;0;0;0;5;0;L1102001;1942;1957;x
5 クルト・ヴェックマン;1102002;GER;1942;1943;1990;1990;2;5;32;1;0;5;0;L1102002;1942;1981;x
5 マグナス・フォン・ヴェッデルコップ;1102003;GER;1937;1941;1990;1990;2;5;0;1;0;5;0;L1102003;1937;1962;x
6 ヘルマン・フォン・ヴェーデル;1102004;GER;1943;1990;1990;1990;3;6;0;1;0;5;0;L1102004;1943;1944;x
5 エーリヒ・ウェインガート;1102005;GER;1939;1940;1990;1990;2;5;0;1;0;5;0;L1102005;1939;1945;x
6 フリードリヒ・ウェインネクト;1102006;GER;1943;1944;1990;1990;2;6;2;2;0;5;0;L1102006;1943;1964;x
6 カール・ヴェイゼンベルガー;1102007;GER;1938;1940;1941;1990;1;6;256;2;0;5;0;L1102007;1938;1952;x
6 マクシミリアン・ヴェングラー;1102008;GER;1945;1990;1990;1990;3;6;8;3;0;5;0;L1102008;1944;1945;x
6 フリッツ・ヴェンツェル;1102009;GER;1944;1945;1990;1990;2;6;0;1;0;5;0;L1102009;1944;1948;x
4 ハインツ＝ヨハヒム・ヴェルナー・エレンフェクト;1102010;GER;1944;1990;1990;1990;3;4;128;1;0;5;0;L1102010;1944;1978;x
6 ヴァルター・ヴェセル;1102011;GER;1942;1943;1990;1990;2;6;128;1;0;5;0;L1102011;1942;1943;x
6 フランツ・ヴェストーフェン;1102012;GER;1942;1943;1990;1990;2;6;128;2;0;5;0;L1102012;1942;1983;x
6 ヴィルヘルム・ヴェッツェル;1102013;GER;1939;1940;1942;1990;1;6;0;1;0;5;0;L1102013;1939;1964;x
5 ペーター・ヴェイヤー;1102014;GER;1930;1937;1940;1990;1;5;64;1;0;5;0;L1102014;1930;1947;x
6 トーマス＝エミール・フォン・ヴィケット;1102015;GER;1942;1943;1944;1990;1;6;2;3;0;5;0;L1102015;1942;1944;x
7 ヴェント・フォン・ヴィータースハイム;1102016;GER;1943;1944;1990;1990;2;7;144;3;0;5;0;L1102016;1943;1975;x
5 ヘルマン・ヴィルク;1102017;GER;1940;1941;1990;1990;2;5;0;0;0;5;0;L1102017;1940;1967;x
4 オットー・ヴィル;1102018;GER;1940;1942;1990;1990;2;4;0;0;0;5;0;L1102018;1940;1963;x
5 フリードリヒ・フォン・ヴィルモスキー;1102019;GER;1930;1930;1990;1990;2;5;16;1;0;5;0;L1102019;1930;1970;x
5 アロイス・ヴィンディッシュ;1102020;GER;1942;1990;1990;1990;3;5;256;1;0;5;0;L1102020;1942;1958;x
5 マックス・ヴィンクラー;1102021;GER;1943;1990;1990;1990;3;5;0;1;0;5;0;L1102021;1943;1979;x
6 アウグスト・ヴィンター;1102022;GER;1943;1944;1945;1990;1;6;0;1;0;5;0;L1102022;1943;1979;x
4 ロベルト・フォン・ヴィンターフェルト;1102023;GER;1930;1942;1990;1990;2;4;512;1;0;5;0;L1102023;1930;1952;x
6 カール・ヴィンターゲルスト;1102024;GER;1942;1943;1990;1990;2;6;256;1;0;5;0;L1102024;1942;1945;x
5 ハインリヒ・ヴィンツァー;1102025;GER;1938;1940;1990;1990;2;5;64;1;0;5;0;L1102025;1938;1947;x
5 リヒャルト・ヴィルツ;1102026;GER;1942;1944;1990;1990;2;5;0;1;0;5;0;L1102026;1942;1963;x
5 エルンスト・ヴィッセリンク;1102027;GER;1943;1990;1990;1990;3;5;0;1;0;5;0;L1102027;1943;1987;x
4 パウル・ヴィッタス;1102028;GER;1930;1942;1990;1990;2;4;0;1;0;5;0;L1102028;1930;1973;x
5 ヨアヒム・ヴィットホーフト;1102029;GER;1938;1940;1942;1990;1;5;32;1;0;5;0;L1102029;1938;1966;x
6 ヴァルター・ヴィトケ;1102030;GER;1939;1941;1990;1990;2;6;0;1;0;5;0;L1102030;1939;1955;x
6 ハインリヒ・ヴィットコープフ;1102031;GER;1944;1990;1990;1990;3;6;0;1;0;5;0;L1102031;1944;1946;x
5 エーリヒ・ヴォルヴァルト;1102032;GER;1930;1930;1940;1990;1;5;512;0;0;5;0;L1102032;1930;1951;x
5 アルベルト・ヴォルフ;1102033;GER;1942;1990;1990;1990;3;5;0;0;0;5;0;L1102033;1942;1958;x
6 ホルスト・フォン・ヴォルフ;1102034;GER;1941;1990;1990;1990;3;6;0;1;0;5;0;L1102034;1940;1941;x
5 クルト・ヴォルフ;1102035;GER;1941;1943;1990;1990;2;5;0;1;0;5;0;L1102035;1941;1971;x
6 ルートヴィッヒ・ヴォルフ;1102036;GER;1941;1942;1944;1990;1;6;8;3;0;5;0;L1102036;1941;1968;x
6 ヴァルター・ヴォールマン;1102037;GER;1938;1940;1990;1990;2;6;0;2;0;5;0;L1102037;1938;1975;x
5 クルト・ヴォイタッシュ;1102038;GER;1940;1940;1990;1990;2;5;0;1;0;5;0;L1102038;1940;1965;x
5 テオドール・フォン・ウレーデ;1102039;GER;1939;1941;1990;1990;2;5;4;2;0;5;0;L1102039;1939;1973;x
6 エーリヒ・ウーレスト;1102040;GER;1943;1990;1990;1990;3;6;32;1;0;5;0;L1102040;1943;1950;x
6 アルブレヒト・ウーステンハーゲン;1102041;GER;1943;1944;1990;1990;2;6;0;1;0;5;0;L1102041;1943;1944;x
6 ルドルフ・ウルフ;1102042;GER;1945;1990;1990;1990;3;6;0;1;0;5;0;L1102042;1945;1972;x
5 グスタフ＝アドルフ・フォン・ウルフェン;1102043;GER;1942;1990;1990;1990;3;5;0;1;0;5;0;L1102043;1942;1945;x
5 ハンス・ウルツ;1102044;GER;1942;1990;1990;1990;3;5;0;2;0;5;0;L1102044;1942;1975;x
5 ハンス・ウルスター;1102045;GER;1943;1945;1990;1990;2;5;0;1;0;5;0;L1102045;1943;1948;x
6 ロルフ・ウツマン;1102046;GER;1942;1943;1944;1990;1;6;4;3;0;5;0;L1102046;1942;1977;x
7 エーリヒ・ヴァルター;1102047;GER;1940;1990;1990;1990;3;7;258;2;0;5;0;L1102047;1940;1946;x
5 フリードリヒ・ウンダーリッヒ;1102048;GER;1945;1990;1990;1990;3;5;1024;1;0;5;1;L1102048;1945;1977;x
5 ヴォルフ＝ディートリヒ・フォン・サイランダー;1102049;GER;1944;1944;1990;1990;2;5;256;1;0;5;0;L1102049;1944;1945;x
5 エミール・ツェルナー;1102050;GER;1941;1943;1990;1990;2;5;0;1;0;5;0;L1102050;1941;1945;x
6 オットー・ツェルトマン;1102051;GER;1943;1990;1990;1990;3;6;0;1;0;5;0;L1102051;1943;1952;x
5 フェルディナント・フォン・ツェッペリン;1102052;GER;1938;1940;1990;1990;2;5;0;1;0;5;0;L1102052;1938;1962;x
6 ハンス・フォン・ツィーゲサー;1102053;GER;1944;1990;1990;1990;3;6;0;1;0;5;0;L1102053;1944;1946;x
6 ボーデ・ツィンマーマン;1102054;GER;1944;1945;1990;1990;2;6;1;1;0;5;0;L1102054;1944;1963;x
5 エミール・ツィンマーマン;1102055;GER;1930;1937;1990;1990;2;5;512;1;0;5;0;L1102055;1930;1952;x
6 エドゥアルト・ツォルン;1102056;GER;1945;1990;1990;1990;3;6;2;2;0;5;0;L1102056;1944;1945;x
4 アレクサンダー・フォン・ツェロウ;1102057;GER;1939;1941;1990;1990;2;4;1;0;0;5;0;L1102057;1939;1948;x
5 マクシミリアン・ツェルン;1102058;GER;1930;1990;1990;1990;3;5;512;1;0;5;0;L1102058;1930;1943;x
5 ヨハネス・ツェケルトルト;1102059;GER;1937;1941;1990;1990;2;5;0;1;0;5;0;L1102059;1937;1969;x
4 マックス・ツェネフマー;1102060;GER;1941;1990;1990;1990;3;4;0;1;0;5;0;L1102060;1941;1945;x
6 ゲオルク・ツワデ;1102061;GER;1943;1990;1990;1990;3;6;0;1;0;5;0;L1102061;1943;1968;x
7 ヴォルフ・ディートリッヒ・ヴィルケ;1102062;GER;1940;1990;1990;1990;3;7;4096;1;0;5;2;L1102062;1940;1944;x
9 ゲルハルト・バルクホルン;1102063;GER;1942;1990;1990;1990;3;9;4096;2;0;5;2;L1102063;1942;1983;x
8 ハンス・ヨアヒム・マルセイユ;1102064;GER;1941;1990;1990;1990;3;8;4096;3;0;5;2;L1102064;1941;1943;x
8 エーリヒ・トップ;1102065;GER;1947;1990;1990;1990;1;8;9216;4;0;5;1;L1102065;1947;1975;x
9 ロルフ・トムゼン;1102066;GER;1948;1990;1990;1990;1;9;3072;3;0;5;1;L1102066;1948;1975;x
6 フランツ＝アルフレート・ジックス;1102067;GER;1942;1990;1990;1990;3;6;16;2;0;5;0;L1102067;1942;1970;x
7 ハインツ＝ギュンター・グデーリアン;1102068;GER;1957;1990;1990;1990;1;7;132;2;0;5;0;L1102068;1957;1975;x
7 ブルーノ・ザッセン;1102069;GER;1948;1990;1990;1990;3;7;256;1;0;5;0;L1102069;1948;1970;x
7 クルト・クールメイ;1102070;GER;1944;1990;1990;1990;3;7;16384;2;0;5;2;L1102070;1944;1993;x
8 ヨハネス・シュタインホフ;1102071;GER;1940;1990;1990;1990;3;8;4096;1;0;6;2;L1102071;1940;1994;x
7 ギュンター・ラル;1102072;GER;1942;1990;1990;1990;3;7;4096;1;0;5;2;L1102072;1942;2009;x
7 ヴァルター・ノヴォトニー;1102073;GER;1943;1990;1990;1990;3;7;4096;2;0;5;2;L1102073;1943;1944;x
7 ルートヴィヒ・ベック;1102074;GER;1935;1935;1939;1946;2;7;64;3;0;5;0;M7;1935;1960;x
8 ギュンター・リュッツオウ;1102075;GER;1937;1945;1990;1990;3;8;4096;2;0;5;2;L1102075;1943;1960;x
6 ブロニスラフ・V・カミンスキー;1102076;GER;1944;1970;1970;1970;2;6;18;2;0;5;0;M517048;1944;1970;x
3 ゲオルギー・ジレンコフ;1102077;GER;1942;1942;1970;1970;2;3;0;1;0;5;0;L518042;1942;1970;x
5 アンドレイ・シュクロ;1102078;GER;1930;1990;1990;1990;2;5;532;2;0;5;0;L594038;1930;1962;x
6 ティモフェイ・N・ドマノフ;1102079;GER;1941;1941;1990;1990;2;6;132;2;0;5;0;L594039;1915;1962;x
8 イヴァン・N・コノノフ;1102080;GER;1946;1999;1999;1999;3;8;0;3;0;3;0;L594040;1946;1967;x
